43 1686428190 0,200000 -1,000000 -101,000000 0,000000 0,000000
43 1686428191 0,200000 -1,000000 -101,000000 0,000000 0,000000
43 1686428192 0,200000 -1,000000 -101,000000 0,000000 0,000000
43 1686428193 0,200000 -1,000000 -101,000000 0,000000 0,000000
43 1686428194 0,200000 -1,000000 -101,000000 0,000000 0,000000
43 1686428195 0,200000 -1,000000 -101,000000 0,000000 0,000000
43 1686428196 0,200000 -1,000000 -101,000000 0,000000 0,000000
43 1686428197 0,200000 -1,000000 -101,000000 0,000000 0,000000
43 1686428198 0,200000 -1,000000 -101,000000 0,000000 0,000000
43 1686428199 0,200000 -1,000000 -101,000000 0,000000 0,000000
43 1686428200 0,200000 -1,000000 -101,000000 0,000000 0,000000
43 1686428201 0,200000 -1,000000 -101,000000 0,000000 0,000000
43 1686428202 0,200000 -1,000000 -101,000000 0,000000 0,000000
43 1686428203 0,200000 -1,000000 -101,000000 0,000000 0,000000
43 1686428204 0,200000 -1,000000 -101,000000 0,000000 0,000000
43 1686428205 0,200000 -1,000000 -101,000000 0,000000 0,000000
43 1686428206 0,200000 -1,000000 -101,000000 0,000000 0,000000
43 1686428207 0,200000 -1,000000 -101,000000 0,000000 0,000000
43 1686428208 0,200000 -1,000000 -101,000000 0,000000 0,000000
43 1686428209 0,200000 -1,000000 -101,000000 0,000000 0,000000
43 1686428210 0,200000 -1,000000 -101,000000 0,000000 0,000000
43 1686428211 0,200000 -1,000000 -101,000000 0,000000 0,000000
43 1686428212 0,200000 -1,000000 -101,000000 0,000000 0,000000
43 1686428213 0,200000 -1,000000 -101,000000 0,000000 0,000000
43 1686428214 0,200000 -1,000000 -101,000000 0,000000 0,000000
43 1686428215 0,400000 -1,000000 -101,000000 0,000000 0,000000
43 1686428216 0,400000 -1,000000 -101,000000 0,000000 0,000000
43 1686428217 0,400000 -1,000000 -101,000000 0,000000 0,000000
43 1686428218 0,400000 -1,000000 -101,000000 0,000000 0,000000
43 1686428219 0,400000 -1,000000 -101,000000 0,000000 0,000000
43 1686428220 0,200000 -1,000000 -101,000000 0,000000 0,000000
43 1686428221 0,200000 -1,000000 -101,000000 0,000000 0,000000
43 1686428222 0,200000 -1,000000 -101,000000 0,000000 0,000000
43 1686428223 0,200000 -1,000000 -101,000000 0,000000 0,000000
43 1686428224 0,200000 -1,000000 -101,000000 0,000000 0,000000
43 1686428225 0,400000 -1,000000 -101,000000 0,000000 0,000000
43 1686428226 0,400000 -1,000000 -101,000000 0,000000 0,000000
43 1686428227 0,400000 -1,000000 -101,000000 0,000000 0,000000
43 1686428228 0,400000 -1,000000 -101,000000 0,000000 0,000000
43 1686428229 0,400000 -1,000000 -101,000000 0,000000 0,000000
43 1686428230 0,400000 -1,000000 -101,000000 0,000000 0,000000
43 1686428231 0,400000 -1,000000 -101,000000 0,000000 0,000000
43 1686428232 0,400000 -1,000000 -101,000000 0,000000 0,000000
43 1686428233 0,400000 -1,000000 -101,000000 0,000000 0,000000
43 1686428234 0,400000 -1,000000 -101,000000 0,000000 0,000000
43 1686428235 0,200000 -1,000000 -101,000000 0,000000 0,000000
43 1686428236 0,200000 -1,000000 -101,000000 0,000000 0,000000
43 1686428237 0,200000 -1,000000 -101,000000 0,000000 0,000000
43 1686428238 0,200000 -1,000000 -101,000000 0,000000 0,000000
43 1686428239 0,200000 -1,000000 -101,000000 0,000000 0,000000
43 1686428240 0,600000 -1,000000 -101,000000 0,000000 0,000000
43 1686428241 0,600000 -1,000000 -101,000000 0,000000 0,000000
43 1686428242 0,600000 -1,000000 -101,000000 0,000000 0,000000
43 1686428243 0,600000 -1,000000 -101,000000 0,000000 0,000000
43 1686428244 0,600000 -1,000000 -101,000000 0,000000 0,000000
43 1686428245 0,600000 -1,000000 -101,000000 0,000000 0,000000
43 1686428246 0,600000 -1,000000 -101,000000 0,000000 0,000000
43 1686428247 0,600000 -1,000000 -101,000000 0,000000 0,000000
43 1686428248 0,600000 -1,000000 -101,000000 0,000000 0,000000
43 1686428249 0,600000 -1,000000 -101,000000 0,000000 0,000000
43 1686428250 0,400000 -1,000000 -101,000000 0,000000 0,000000
43 1686428251 0,400000 -1,000000 -101,000000 0,000000 0,000000
43 1686428252 0,400000 -1,000000 -101,000000 0,000000 0,000000
43 1686428253 0,400000 -1,000000 -101,000000 0,000000 0,000000
43 1686428254 0,400000 -1,000000 -101,000000 0,000000 0,000000
43 1686428255 0,600000 -1,000000 -101,000000 0,000000 0,000000
43 1686428256 0,600000 -1,000000 -101,000000 0,000000 0,000000
43 1686428257 0,600000 -1,000000 -101,000000 0,000000 0,000000
43 1686428258 0,600000 -1,000000 -101,000000 0,000000 0,000000
43 1686428259 0,600000 -1,000000 -101,000000 0,000000 0,000000
43 1686428260 0,800000 -1,000000 -101,000000 0,000000 0,000000
43 1686428261 0,800000 -1,000000 -101,000000 0,000000 0,000000
43 1686428262 0,800000 -1,000000 -101,000000 0,000000 0,000000
43 1686428263 0,800000 -1,000000 -101,000000 0,000000 0,000000
43 1686428264 0,800000 -1,000000 -101,000000 0,000000 0,000000
43 1686428265 0,600000 -1,000000 -101,000000 0,000000 0,000000
43 1686428266 0,600000 -1,000000 -101,000000 0,000000 0,000000
43 1686428267 0,600000 -1,000000 -101,000000 0,000000 0,000000
43 1686428268 0,600000 -1,000000 -101,000000 0,000000 0,000000
43 1686428269 0,600000 -1,000000 -101,000000 0,000000 0,000000
43 1686428270 0,600000 -1,000000 -101,000000 0,000000 0,000000
43 1686428271 0,600000 -1,000000 -101,000000 0,000000 0,000000
43 1686428272 0,600000 -1,000000 -101,000000 0,000000 0,000000
43 1686428273 0,600000 -1,000000 -101,000000 0,000000 0,000000
43 1686428274 0,600000 -1,000000 -101,000000 0,000000 0,000000
43 1686428275 0,800000 -1,000000 -101,000000 0,000000 0,000000
43 1686428276 0,800000 -1,000000 -101,000000 0,000000 0,000000
43 1686428277 0,800000 -1,000000 -101,000000 0,000000 0,000000
43 1686428278 0,800000 -1,000000 -101,000000 0,000000 0,000000
43 1686428279 0,800000 -1,000000 -101,000000 0,000000 0,000000
43 1686428280 0,600000 -1,000000 -101,000000 0,000000 0,000000
43 1686428281 0,600000 -1,000000 -101,000000 0,000000 0,000000
43 1686428282 0,600000 -1,000000 -101,000000 0,000000 0,000000
43 1686428283 0,600000 -1,000000 -101,000000 0,000000 0,000000
43 1686428284 0,600000 -1,000000 -101,000000 0,000000 0,000000
43 1686428285 0,600000 -1,000000 -101,000000 0,000000 0,000000
43 1686428286 0,600000 -1,000000 -101,000000 0,000000 0,000000
43 1686428287 0,600000 -1,000000 -101,000000 0,000000 0,000000
43 1686428288 0,600000 -1,000000 -101,000000 0,000000 0,000000
43 1686428289 0,600000 -1,000000 -101,000000 0,000000 0,000000
43 1686428290 0,800000 -1,000000 -101,000000 0,000000 0,000000
43 1686428291 0,800000 -1,000000 -101,000000 0,000000 0,000000
43 1686428292 0,800000 -1,000000 -101,000000 0,000000 0,000000
43 1686428293 0,800000 -1,000000 -101,000000 0,000000 0,000000
43 1686428294 0,800000 -1,000000 -101,000000 0,000000 0,000000
43 1686428295 0,600000 -1,000000 -101,000000 0,000000 0,000000
43 1686428296 0,600000 -1,000000 -101,000000 0,000000 0,000000
43 1686428297 0,600000 -1,000000 -101,000000 0,000000 0,000000
43 1686428298 0,600000 -1,000000 -101,000000 0,000000 0,000000
43 1686428299 0,600000 -1,000000 -101,000000 0,000000 0,000000
43 1686428300 0,600000 -1,000000 -101,000000 0,000000 0,000000
43 1686428301 0,600000 -1,000000 -101,000000 0,000000 0,000000
43 1686428302 0,600000 -1,000000 -101,000000 0,000000 0,000000
43 1686428303 0,600000 -1,000000 -101,000000 0,000000 0,000000
43 1686428304 0,600000 -1,000000 -101,000000 0,000000 0,000000
43 1686428305 0,800000 -1,000000 -101,000000 0,000000 0,000000
43 1686428306 0,800000 -1,000000 -101,000000 0,000000 0,000000
43 1686428307 0,800000 -1,000000 -101,000000 0,000000 0,000000
43 1686428308 0,800000 -1,000000 -101,000000 0,000000 0,000000
43 1686428309 0,800000 -1,000000 -101,000000 0,000000 0,000000
43 1686428310 0,600000 -1,000000 -101,000000 0,000000 0,000000
43 1686428311 0,600000 -1,000000 -101,000000 0,000000 0,000000
43 1686428312 0,600000 -1,000000 -101,000000 0,000000 0,000000
43 1686428313 0,600000 -1,000000 -101,000000 0,000000 0,000000
43 1686428314 0,600000 -1,000000 -101,000000 0,000000 0,000000
43 1686428315 0,600000 -1,000000 -101,000000 0,000000 0,000000
43 1686428316 0,600000 -1,000000 -101,000000 0,000000 0,000000
43 1686428317 0,600000 -1,000000 -101,000000 0,000000 0,000000
43 1686428318 0,600000 -1,000000 -101,000000 0,000000 0,000000
43 1686428319 0,600000 -1,000000 -101,000000 0,000000 0,000000
43 1686428320 0,800000 -1,000000 -101,000000 0,000000 0,000000
43 1686428321 0,800000 -1,000000 -101,000000 0,000000 0,000000
43 1686428322 0,800000 -1,000000 -101,000000 0,000000 0,000000
43 1686428323 0,800000 -1,000000 -101,000000 0,000000 0,000000
43 1686428324 0,800000 -1,000000 -101,000000 0,000000 0,000000
43 1686428325 0,600000 -1,000000 -101,000000 0,000000 0,000000
43 1686428326 0,600000 -1,000000 -101,000000 0,000000 0,000000
43 1686428327 0,600000 -1,000000 -101,000000 0,000000 0,000000
43 1686428328 0,600000 -1,000000 -101,000000 0,000000 0,000000
43 1686428329 0,600000 -1,000000 -101,000000 0,000000 0,000000
43 1686428330 0,600000 -1,000000 -101,000000 0,000000 0,000000
43 1686428331 0,600000 -1,000000 -101,000000 0,000000 0,000000
43 1686428332 0,600000 -1,000000 -101,000000 0,000000 0,000000
43 1686428333 0,600000 -1,000000 -101,000000 0,000000 0,000000
43 1686428334 0,600000 -1,000000 -101,000000 0,000000 0,000000
43 1686428335 0,800000 -1,000000 -101,000000 0,000000 0,000000
43 1686428336 0,800000 -1,000000 -101,000000 0,000000 0,000000
43 1686428337 0,800000 -1,000000 -101,000000 0,000000 0,000000
43 1686428338 0,800000 -1,000000 -101,000000 0,000000 0,000000
43 1686428339 0,800000 -1,000000 -101,000000 0,000000 0,000000
43 1686428340 0,600000 -1,000000 -101,000000 0,000000 0,000000
43 1686428341 0,600000 -1,000000 -101,000000 0,000000 0,000000
43 1686428342 0,600000 -1,000000 -101,000000 0,000000 0,000000
43 1686428343 0,600000 -1,000000 -101,000000 0,000000 0,000000
43 1686428344 0,600000 -1,000000 -101,000000 0,000000 0,000000
43 1686428345 0,600000 -1,000000 -101,000000 0,000000 0,000000
43 1686428346 0,600000 -1,000000 -101,000000 0,000000 0,000000
43 1686428347 0,600000 -1,000000 -101,000000 0,000000 0,000000
43 1686428348 0,600000 -1,000000 -101,000000 0,000000 0,000000
43 1686428349 0,600000 -1,000000 -101,000000 0,000000 0,000000
43 1686428350 0,800000 -1,000000 -101,000000 0,000000 0,000000
43 1686428351 0,800000 -1,000000 -101,000000 0,000000 0,000000
43 1686428352 0,800000 -1,000000 -101,000000 0,000000 0,000000
43 1686428353 0,800000 -1,000000 -101,000000 0,000000 0,000000
43 1686428354 0,800000 -1,000000 -101,000000 0,000000 0,000000
43 1686428355 0,600000 -1,000000 -101,000000 0,000000 0,000000
43 1686428356 0,600000 -1,000000 -101,000000 0,000000 0,000000
43 1686428357 0,600000 -1,000000 -101,000000 0,000000 0,000000
43 1686428358 0,600000 -1,000000 -101,000000 0,000000 0,000000
43 1686428359 0,600000 -1,000000 -101,000000 0,000000 0,000000
43 1686428360 0,600000 -1,000000 -101,000000 0,000000 0,000000
43 1686428361 0,600000 -1,000000 -101,000000 0,000000 0,000000
43 1686428362 0,600000 -1,000000 -101,000000 0,000000 0,000000
43 1686428363 0,600000 -1,000000 -101,000000 0,000000 0,000000
43 1686428364 0,600000 -1,000000 -101,000000 0,000000 0,000000
43 1686428365 0,800000 -1,000000 -101,000000 0,000000 0,000000
43 1686428366 0,800000 -1,000000 -101,000000 0,000000 0,000000
43 1686428367 0,800000 -1,000000 -101,000000 0,000000 0,000000
43 1686428368 0,800000 -1,000000 -101,000000 0,000000 0,000000
43 1686428369 0,800000 -1,000000 -101,000000 0,000000 0,000000
43 1686428370 0,400000 -1,000000 -101,000000 0,000000 0,000000
43 1686428371 0,400000 -1,000000 -101,000000 0,000000 0,000000
43 1686428434 0,200000 -1,000000 0,200000 0,200000 0,000000
43 1686428433 0,200000 -1,000000 0,200000 0,200000 0,000000
43 1686428432 0,200000 -1,000000 0,200000 0,200000 0,000000
43 1686428431 0,200000 -1,000000 0,200000 0,200000 0,000000
43 1686428430 0,200000 -1,000000 0,200000 0,200000 0,000000
43 1686428429 0,200000 -1,000000 0,200000 0,200000 0,000000
43 1686428428 0,200000 -1,000000 0,200000 0,200000 0,000000
43 1686428427 0,200000 -1,000000 0,200000 0,200000 0,000000
43 1686428426 0,200000 -1,000000 0,200000 0,200000 0,000000
43 1686428425 0,200000 -1,000000 0,200000 0,200000 0,000000
43 1686428419 0,400000 -1,000000 0,400000 0,400000 0,000000
43 1686428418 0,400000 -1,000000 0,400000 0,400000 0,000000
43 1686428417 0,400000 -1,000000 0,400000 0,400000 0,000000
43 1686428416 0,400000 -1,000000 0,400000 0,400000 0,000000
43 1686428415 0,400000 -1,000000 0,400000 0,400000 0,000000
43 1686428414 0,400000 -1,000000 0,400000 0,400000 0,000000
43 1686428413 0,400000 -1,000000 0,400000 0,400000 0,000000
43 1686428412 0,400000 -1,000000 0,400000 0,400000 0,000000
43 1686428411 0,400000 -1,000000 0,400000 0,400000 0,000000
43 1686428410 0,400000 -1,000000 0,400000 0,400000 0,000000
43 1686428409 0,200000 -1,000000 0,200000 0,200000 0,000000
43 1686428408 0,200000 -1,000000 0,200000 0,200000 0,000000
43 1686428407 0,200000 -1,000000 0,200000 0,200000 0,000000
43 1686428406 0,200000 -1,000000 0,200000 0,200000 0,000000
43 1686428405 0,200000 -1,000000 0,200000 0,200000 0,000000
43 1686428404 0,400000 -1,000000 0,400000 0,400000 0,000000
43 1686428403 0,400000 -1,000000 0,400000 0,400000 0,000000
43 1686428402 0,400000 -1,000000 0,400000 0,400000 0,000000
43 1686428401 0,400000 -1,000000 0,400000 0,400000 0,000000
43 1686428400 0,400000 -1,000000 0,400000 0,400000 0,000000
43 1686428399 0,400000 -1,000000 0,400000 0,400000 0,000000
43 1686428398 0,400000 -1,000000 0,400000 0,400000 0,000000
43 1686428397 0,400000 -1,000000 0,400000 0,400000 0,000000
43 1686428396 0,400000 -1,000000 0,400000 0,400000 0,000000
43 1686428395 0,400000 -1,000000 0,400000 0,400000 0,000000
43 1686428394 0,400000 -1,000000 0,400000 0,400000 0,000000
43 1686428393 0,400000 -1,000000 0,400000 0,400000 0,000000
43 1686428392 0,400000 -1,000000 0,400000 0,400000 0,000000
43 1686428391 0,400000 -1,000000 0,400000 0,400000 0,000000
43 1686428390 0,400000 -1,000000 0,400000 0,400000 0,000000
43 1686428389 0,400000 -1,000000 0,400000 0,400000 0,000000
43 1686428388 0,400000 -1,000000 0,400000 0,400000 0,000000
43 1686428387 0,400000 -1,000000 0,400000 0,400000 0,000000
43 1686428386 0,400000 -1,000000 0,400000 0,400000 0,000000
43 1686428385 0,400000 -1,000000 0,400000 0,400000 0,000000
43 1686428384 0,600000 -1,000000 0,600000 0,600000 0,000000
43 1686428383 0,600000 -1,000000 0,600000 0,600000 0,000000
43 1686428382 0,600000 -1,000000 0,600000 0,600000 0,000000
43 1686428381 0,600000 -1,000000 0,600000 0,600000 0,000000
43 1686428380 0,600000 -1,000000 0,600000 0,600000 0,000000
43 1686428379 0,400000 -1,000000 0,400000 0,400000 0,000000
43 1686428378 0,400000 -1,000000 0,400000 0,400000 0,000000
43 1686428377 0,400000 -1,000000 0,400000 0,400000 0,000000
43 1686428376 0,400000 -1,000000 0,400000 0,400000 0,000000
43 1686428375 0,400000 -1,000000 0,400000 0,400000 0,000000
43 1686428374 0,400000 -1,000000 0,400000 0,400000 0,000000
43 1686428373 0,400000 -1,000000 0,400000 0,400000 0,000000
43 1686428372 0,400000 -1,000000 0,400000 0,400000 0,000000
