offline_datapoint_11 1686428193 2159790,000
offline_datapoint_5 1686428193 4842,000
offline_datapoint_26 1686428193 819638272,000
offline_datapoint_14 1686428193 485785600,000
offline_datapoint_3 1686428193 13185994752,000
offline_datapoint_9 1686428193 336568320,000
offline_datapoint_25 1686428193 8423,000
offline_datapoint_19 1686428191 92,769
offline_datapoint_8 1686428191 23270,609
offline_datapoint_21 1686428193 336568320,000
offline_datapoint_1 1686428191 22,692
offline_datapoint_20 1686428193 8391917568,000
offline_datapoint_7 1686428193 9636880384,000
offline_datapoint_6 1686428191 0,043
offline_datapoint_12 1686428191 2,165
offline_datapoint_24 1686428191 1,260
offline_datapoint_13 1686428191 9670,309
offline_datapoint_18 1686428193 0,000
offline_datapoint_0 1686428191 17916,717
offline_datapoint_16 1686428191 1736,244
offline_datapoint_28 1686428191 0,394
offline_datapoint_17 1686428191 49,054
offline_datapoint_10 1686428191 99,726
offline_datapoint_29 1686428191 4,004
offline_datapoint_22 1686428191 20284,952
offline_datapoint_4 1686428191 0,008
offline_datapoint_11 1686428196 2159790,000
offline_datapoint_5 1686428196 4837,000
offline_datapoint_26 1686428196 819638272,000
offline_datapoint_14 1686428196 485785600,000
offline_datapoint_3 1686428196 13184630784,000
offline_datapoint_9 1686428196 336601088,000
offline_datapoint_25 1686428196 8423,000
offline_datapoint_19 1686428194 0,333
offline_datapoint_8 1686428194 380,667
offline_datapoint_21 1686428196 336601088,000
offline_datapoint_1 1686428194 0,333
offline_datapoint_20 1686428196 8390242304,000
offline_datapoint_7 1686428196 9635016704,000
offline_datapoint_6 1686428194 0,000
offline_datapoint_12 1686428194 0,304
offline_datapoint_24 1686428194 0,087
offline_datapoint_13 1686428194 5997,013
offline_datapoint_18 1686428196 0,000
offline_datapoint_0 1686428194 8853,019
offline_datapoint_16 1686428194 613,001
offline_datapoint_28 1686428194 0,103
offline_datapoint_17 1686428194 10,000
offline_datapoint_10 1686428194 99,924
offline_datapoint_29 1686428194 1,333
offline_datapoint_22 1686428194 12834,133
offline_datapoint_4 1686428194 0,002
offline_datapoint_11 1686428199 2159790,000
offline_datapoint_5 1686428199 4834,000
offline_datapoint_26 1686428199 819302400,000
offline_datapoint_14 1686428199 485785600,000
offline_datapoint_3 1686428199 13188431872,000
offline_datapoint_9 1686428199 336470016,000
offline_datapoint_25 1686428199 8424,000
offline_datapoint_19 1686428197 0,000
offline_datapoint_8 1686428197 3427,867
offline_datapoint_21 1686428199 336470016,000
offline_datapoint_1 1686428197 0,000
offline_datapoint_20 1686428199 8394575872,000
offline_datapoint_7 1686428199 9633828864,000
offline_datapoint_6 1686428197 0,000
offline_datapoint_12 1686428197 0,332
offline_datapoint_24 1686428197 0,260
offline_datapoint_13 1686428197 6518,381
offline_datapoint_18 1686428199 0,000
offline_datapoint_0 1686428197 9932,247
offline_datapoint_16 1686428197 1055,728
offline_datapoint_28 1686428197 0,104
offline_datapoint_17 1686428197 7,667
offline_datapoint_10 1686428197 99,901
offline_datapoint_29 1686428197 0,000
offline_datapoint_22 1686428197 9260,522
offline_datapoint_4 1686428197 0,002
offline_datapoint_11 1686428202 2159790,000
offline_datapoint_5 1686428202 4839,000
offline_datapoint_26 1686428202 819286016,000
offline_datapoint_14 1686428202 485785600,000
offline_datapoint_3 1686428202 13189435392,000
offline_datapoint_9 1686428202 336470016,000
offline_datapoint_25 1686428202 8421,000
offline_datapoint_19 1686428200 0,333
offline_datapoint_8 1686428200 3020,687
offline_datapoint_21 1686428202 336470016,000
offline_datapoint_1 1686428200 0,333
offline_datapoint_20 1686428202 8394973184,000
offline_datapoint_7 1686428202 9634058240,000
offline_datapoint_6 1686428200 0,000
offline_datapoint_12 1686428200 0,419
offline_datapoint_24 1686428200 0,087
offline_datapoint_13 1686428200 7145,496
offline_datapoint_18 1686428202 0,000
offline_datapoint_0 1686428200 9187,590
offline_datapoint_16 1686428200 712,885
offline_datapoint_28 1686428200 0,060
offline_datapoint_17 1686428200 3,663
offline_datapoint_10 1686428200 99,945
offline_datapoint_29 1686428200 0,000
offline_datapoint_22 1686428200 6702,545
offline_datapoint_4 1686428200 0,001
offline_datapoint_11 1686428205 2159790,000
offline_datapoint_5 1686428205 4850,000
offline_datapoint_26 1686428205 819286016,000
offline_datapoint_14 1686428205 485785600,000
offline_datapoint_3 1686428205 13189132288,000
offline_datapoint_9 1686428205 336089088,000
offline_datapoint_25 1686428205 8422,000
offline_datapoint_19 1686428203 0,000
offline_datapoint_8 1686428203 84,635
offline_datapoint_21 1686428205 336089088,000
offline_datapoint_1 1686428203 0,000
offline_datapoint_20 1686428205 8395771904,000
offline_datapoint_7 1686428205 9634340864,000
offline_datapoint_6 1686428203 0,000
offline_datapoint_12 1686428203 0,032
offline_datapoint_24 1686428203 0,043
offline_datapoint_13 1686428203 5949,784
offline_datapoint_18 1686428205 0,000
offline_datapoint_0 1686428203 8784,394
offline_datapoint_16 1686428203 605,108
offline_datapoint_28 1686428203 0,087
offline_datapoint_17 1686428203 10,996
offline_datapoint_10 1686428203 99,917
offline_datapoint_29 1686428203 0,666
offline_datapoint_22 1686428203 10053,818
offline_datapoint_4 1686428203 0,002
offline_datapoint_11 1686428208 2159790,000
offline_datapoint_5 1686428208 4823,000
offline_datapoint_26 1686428208 819298304,000
offline_datapoint_14 1686428208 483483648,000
offline_datapoint_3 1686428208 13189025792,000
offline_datapoint_9 1686428208 336379904,000
offline_datapoint_25 1686428208 8422,000
offline_datapoint_19 1686428206 1,001
offline_datapoint_8 1686428206 1855,274
offline_datapoint_21 1686428208 336379904,000
offline_datapoint_1 1686428206 1,001
offline_datapoint_20 1686428208 8394633216,000
offline_datapoint_7 1686428208 9633824768,000
offline_datapoint_6 1686428206 0,000
offline_datapoint_12 1686428206 0,436
offline_datapoint_24 1686428206 0,217
offline_datapoint_13 1686428206 6540,316
offline_datapoint_18 1686428208 0,000
offline_datapoint_0 1686428206 9573,855
offline_datapoint_16 1686428206 746,712
offline_datapoint_28 1686428206 0,237
offline_datapoint_17 1686428206 38,353
offline_datapoint_10 1686428206 99,759
offline_datapoint_29 1686428206 0,667
offline_datapoint_22 1686428206 8761,878
offline_datapoint_4 1686428206 0,005
offline_datapoint_11 1686428211 2159790,000
offline_datapoint_5 1686428211 4809,000
offline_datapoint_26 1686428211 819347456,000
offline_datapoint_14 1686428211 483491840,000
offline_datapoint_3 1686428211 13187416064,000
offline_datapoint_9 1686428211 336613376,000
offline_datapoint_25 1686428211 8422,000
offline_datapoint_19 1686428209 0,000
offline_datapoint_8 1686428209 2595,714
offline_datapoint_21 1686428211 336613376,000
offline_datapoint_1 1686428209 0,000
offline_datapoint_20 1686428211 8394084352,000
offline_datapoint_7 1686428211 9633513472,000
offline_datapoint_6 1686428209 0,000
offline_datapoint_12 1686428209 0,375
offline_datapoint_24 1686428209 0,217
offline_datapoint_13 1686428209 6173,374
offline_datapoint_18 1686428211 0,000
offline_datapoint_0 1686428209 9413,594
offline_datapoint_16 1686428209 702,916
offline_datapoint_28 1686428209 0,099
offline_datapoint_17 1686428209 6,342
offline_datapoint_10 1686428209 99,924
offline_datapoint_29 1686428209 0,000
offline_datapoint_22 1686428209 7760,842
offline_datapoint_4 1686428209 0,002
offline_datapoint_11 1686428214 2159790,000
offline_datapoint_5 1686428214 4801,000
offline_datapoint_26 1686428214 819240960,000
offline_datapoint_14 1686428214 483491840,000
offline_datapoint_3 1686428214 13186961408,000
offline_datapoint_9 1686428214 336314368,000
offline_datapoint_25 1686428214 8423,000
offline_datapoint_19 1686428212 0,000
offline_datapoint_8 1686428212 42,957
offline_datapoint_21 1686428214 336314368,000
offline_datapoint_1 1686428212 0,000
offline_datapoint_20 1686428214 8393768960,000
offline_datapoint_7 1686428214 9632792576,000
offline_datapoint_6 1686428212 0,043
offline_datapoint_12 1686428212 0,462
offline_datapoint_24 1686428212 0,217
offline_datapoint_13 1686428212 5782,863
offline_datapoint_18 1686428214 0,000
offline_datapoint_0 1686428212 8610,025
offline_datapoint_16 1686428212 597,400
offline_datapoint_28 1686428212 0,085
offline_datapoint_17 1686428212 6,660
offline_datapoint_10 1686428212 99,910
offline_datapoint_29 1686428212 0,000
offline_datapoint_22 1686428212 7372,800
offline_datapoint_4 1686428212 0,002
offline_datapoint_11 1686428217 2159790,000
offline_datapoint_5 1686428217 4801,000
offline_datapoint_26 1686428217 819335168,000
offline_datapoint_14 1686428217 483491840,000
offline_datapoint_3 1686428217 13184888832,000
offline_datapoint_9 1686428217 336658432,000
offline_datapoint_25 1686428217 8422,000
offline_datapoint_19 1686428215 0,000
offline_datapoint_8 1686428215 3495,799
offline_datapoint_21 1686428217 336658432,000
offline_datapoint_1 1686428215 0,000
offline_datapoint_20 1686428217 8393912320,000
offline_datapoint_7 1686428217 9632985088,000
offline_datapoint_6 1686428215 0,000
offline_datapoint_12 1686428215 0,265
offline_datapoint_24 1686428215 0,087
offline_datapoint_13 1686428215 6282,374
offline_datapoint_18 1686428217 0,000
offline_datapoint_0 1686428215 9702,518
offline_datapoint_16 1686428215 740,554
offline_datapoint_28 1686428215 0,069
offline_datapoint_17 1686428215 4,333
offline_datapoint_10 1686428215 99,928
offline_datapoint_29 1686428215 0,000
offline_datapoint_22 1686428215 7561,846
offline_datapoint_4 1686428215 0,001
offline_datapoint_11 1686428220 2159790,000
offline_datapoint_5 1686428220 4791,000
offline_datapoint_26 1686428220 819286016,000
offline_datapoint_14 1686428220 483651584,000
offline_datapoint_3 1686428220 13184716800,000
offline_datapoint_9 1686428220 336322560,000
offline_datapoint_25 1686428220 8423,000
offline_datapoint_19 1686428218 0,000
offline_datapoint_8 1686428218 338,523
offline_datapoint_21 1686428220 336322560,000
offline_datapoint_1 1686428218 0,000
offline_datapoint_20 1686428220 8394252288,000
offline_datapoint_7 1686428220 9633677312,000
offline_datapoint_6 1686428218 0,000
offline_datapoint_12 1686428218 0,439
offline_datapoint_24 1686428218 0,261
offline_datapoint_13 1686428218 5961,001
offline_datapoint_18 1686428220 0,000
offline_datapoint_0 1686428218 8808,260
offline_datapoint_16 1686428218 631,687
offline_datapoint_28 1686428218 0,117
offline_datapoint_17 1686428218 8,004
offline_datapoint_10 1686428218 99,900
offline_datapoint_29 1686428218 0,000
offline_datapoint_22 1686428218 9216,000
offline_datapoint_4 1686428218 0,002
offline_datapoint_11 1686428223 2159790,000
offline_datapoint_5 1686428223 4802,000
offline_datapoint_26 1686428223 819294208,000
offline_datapoint_14 1686428223 483659776,000
offline_datapoint_3 1686428223 13185740800,000
offline_datapoint_9 1686428223 336338944,000
offline_datapoint_25 1686428223 8423,000
offline_datapoint_19 1686428221 0,333
offline_datapoint_8 1686428221 2329,074
offline_datapoint_21 1686428223 336338944,000
offline_datapoint_1 1686428221 0,333
offline_datapoint_20 1686428223 8394055680,000
offline_datapoint_7 1686428223 9638703104,000
offline_datapoint_6 1686428221 0,000
offline_datapoint_12 1686428221 0,361
offline_datapoint_24 1686428221 0,087
offline_datapoint_13 1686428221 6455,406
offline_datapoint_18 1686428223 2,000
offline_datapoint_0 1686428221 9790,504
offline_datapoint_16 1686428221 750,938
offline_datapoint_28 1686428221 0,259
offline_datapoint_17 1686428221 26,308
offline_datapoint_10 1686428221 99,783
offline_datapoint_29 1686428221 0,000
offline_datapoint_22 1686428221 7310,582
offline_datapoint_4 1686428221 0,005
offline_datapoint_11 1686428226 2159790,000
offline_datapoint_5 1686428226 4808,000
offline_datapoint_26 1686428226 819302400,000
offline_datapoint_14 1686428226 483659776,000
offline_datapoint_3 1686428226 13186191360,000
offline_datapoint_9 1686428226 336601088,000
offline_datapoint_25 1686428226 8422,000
offline_datapoint_19 1686428224 0,668
offline_datapoint_8 1686428224 2517,175
offline_datapoint_21 1686428226 336601088,000
offline_datapoint_1 1686428224 0,668
offline_datapoint_20 1686428226 8395735040,000
offline_datapoint_7 1686428226 9649299456,000
offline_datapoint_6 1686428224 0,000
offline_datapoint_12 1686428224 0,136
offline_datapoint_24 1686428224 0,087
offline_datapoint_13 1686428224 6094,828
offline_datapoint_18 1686428226 0,000
offline_datapoint_0 1686428224 9182,799
offline_datapoint_16 1686428224 713,995
offline_datapoint_28 1686428224 0,107
offline_datapoint_17 1686428224 6,676
offline_datapoint_10 1686428224 99,910
offline_datapoint_29 1686428224 0,000
offline_datapoint_22 1686428224 14745,600
offline_datapoint_4 1686428224 0,002
offline_datapoint_11 1686428229 2159790,000
offline_datapoint_5 1686428229 4804,000
offline_datapoint_26 1686428229 819347456,000
offline_datapoint_14 1686428229 483676160,000
offline_datapoint_3 1686428229 13180493824,000
offline_datapoint_9 1686428229 336334848,000
offline_datapoint_25 1686428229 8424,000
offline_datapoint_19 1686428227 0,000
offline_datapoint_8 1686428227 1660,771
offline_datapoint_21 1686428229 336334848,000
offline_datapoint_1 1686428227 0,000
offline_datapoint_20 1686428229 8388562944,000
offline_datapoint_7 1686428229 9622568960,000
offline_datapoint_6 1686428227 0,000
offline_datapoint_12 1686428227 0,578
offline_datapoint_24 1686428227 0,304
offline_datapoint_13 1686428227 6546,841
offline_datapoint_18 1686428229 0,000
offline_datapoint_0 1686428227 9869,382
offline_datapoint_16 1686428227 848,868
offline_datapoint_28 1686428227 0,148
offline_datapoint_17 1686428227 15,985
offline_datapoint_10 1686428227 99,861
offline_datapoint_29 1686428227 3,663
offline_datapoint_22 1686428227 14848,000
offline_datapoint_4 1686428227 0,003
offline_datapoint_11 1686428232 2159790,000
offline_datapoint_5 1686428232 4797,000
offline_datapoint_26 1686428232 819286016,000
offline_datapoint_14 1686428232 483803136,000
offline_datapoint_3 1686428232 13179248640,000
offline_datapoint_9 1686428232 336687104,000
offline_datapoint_25 1686428232 8424,000
offline_datapoint_19 1686428230 0,000
offline_datapoint_8 1686428230 4711,497
offline_datapoint_21 1686428232 336687104,000
offline_datapoint_1 1686428230 0,000
offline_datapoint_20 1686428232 8388091904,000
offline_datapoint_7 1686428232 9623928832,000
offline_datapoint_6 1686428230 0,043
offline_datapoint_12 1686428230 1,013
offline_datapoint_24 1686428230 0,261
offline_datapoint_13 1686428230 6545,061
offline_datapoint_18 1686428232 0,000
offline_datapoint_0 1686428230 10258,888
offline_datapoint_16 1686428230 780,190
offline_datapoint_28 1686428230 0,085
offline_datapoint_17 1686428230 4,336
offline_datapoint_10 1686428230 99,921
offline_datapoint_29 1686428230 0,334
offline_datapoint_22 1686428230 7561,846
offline_datapoint_4 1686428230 0,002
offline_datapoint_11 1686428235 2159790,000
offline_datapoint_5 1686428235 4795,000
offline_datapoint_26 1686428235 819286016,000
offline_datapoint_14 1686428235 483872768,000
offline_datapoint_3 1686428235 13182791680,000
offline_datapoint_9 1686428235 336617472,000
offline_datapoint_25 1686428235 8421,000
offline_datapoint_19 1686428233 0,666
offline_datapoint_8 1686428233 1657,218
offline_datapoint_21 1686428235 336617472,000
offline_datapoint_1 1686428233 0,666
offline_datapoint_20 1686428235 8391270400,000
offline_datapoint_7 1686428235 9627078656,000
offline_datapoint_6 1686428233 0,000
offline_datapoint_12 1686428233 0,214
offline_datapoint_24 1686428233 0,130
offline_datapoint_13 1686428233 9280,489
offline_datapoint_18 1686428235 0,000
offline_datapoint_0 1686428233 13905,919
offline_datapoint_16 1686428233 647,174
offline_datapoint_28 1686428233 0,179
offline_datapoint_17 1686428233 15,647
offline_datapoint_10 1686428233 99,885
offline_datapoint_29 1686428233 0,000
offline_datapoint_22 1686428233 9063,489
offline_datapoint_4 1686428233 0,004
offline_datapoint_11 1686428238 2159790,000
offline_datapoint_5 1686428238 4802,000
offline_datapoint_26 1686428238 819302400,000
offline_datapoint_14 1686428238 483872768,000
offline_datapoint_3 1686428238 13184876544,000
offline_datapoint_9 1686428238 336637952,000
offline_datapoint_25 1686428238 8422,000
offline_datapoint_19 1686428236 0,668
offline_datapoint_8 1686428236 2872,702
offline_datapoint_21 1686428238 336637952,000
offline_datapoint_1 1686428236 0,668
offline_datapoint_20 1686428238 8391831552,000
offline_datapoint_7 1686428238 9626873856,000
offline_datapoint_6 1686428236 0,043
offline_datapoint_12 1686428236 0,640
offline_datapoint_24 1686428236 0,304
offline_datapoint_13 1686428236 6227,805
offline_datapoint_18 1686428238 0,000
offline_datapoint_0 1686428236 9454,713
offline_datapoint_16 1686428236 742,129
offline_datapoint_28 1686428236 0,180
offline_datapoint_17 1686428236 18,361
offline_datapoint_10 1686428236 99,846
offline_datapoint_29 1686428236 0,000
offline_datapoint_22 1686428236 8713,309
offline_datapoint_4 1686428236 0,004
offline_datapoint_11 1686428241 2159790,000
offline_datapoint_5 1686428241 4809,000
offline_datapoint_26 1686428241 819355648,000
offline_datapoint_14 1686428241 483872768,000
offline_datapoint_3 1686428241 13185732608,000
offline_datapoint_9 1686428241 336891904,000
offline_datapoint_25 1686428241 8421,000
offline_datapoint_19 1686428239 0,667
offline_datapoint_8 1686428239 2842,922
offline_datapoint_21 1686428241 336891904,000
offline_datapoint_1 1686428239 0,667
offline_datapoint_20 1686428241 8392155136,000
offline_datapoint_7 1686428241 9627013120,000
offline_datapoint_6 1686428239 0,000
offline_datapoint_12 1686428239 0,266
offline_datapoint_24 1686428239 0,174
offline_datapoint_13 1686428239 6221,892
offline_datapoint_18 1686428241 0,000
offline_datapoint_0 1686428239 9270,165
offline_datapoint_16 1686428239 681,394
offline_datapoint_28 1686428239 0,176
offline_datapoint_17 1686428239 13,668
offline_datapoint_10 1686428239 99,823
offline_datapoint_29 1686428239 0,000
offline_datapoint_22 1686428239 5894,244
offline_datapoint_4 1686428239 0,004
offline_datapoint_11 1686428244 2159790,000
offline_datapoint_5 1686428244 4798,000
offline_datapoint_26 1686428244 819306496,000
offline_datapoint_14 1686428244 483872768,000
offline_datapoint_3 1686428244 13184479232,000
offline_datapoint_9 1686428244 336756736,000
offline_datapoint_25 1686428244 8422,000
offline_datapoint_19 1686428242 0,333
offline_datapoint_8 1686428242 3838,289
offline_datapoint_21 1686428244 336756736,000
offline_datapoint_1 1686428242 0,333
offline_datapoint_20 1686428244 8392290304,000
offline_datapoint_7 1686428244 9624801280,000
offline_datapoint_6 1686428242 0,087
offline_datapoint_12 1686428242 0,566
offline_datapoint_24 1686428242 0,390
offline_datapoint_13 1686428242 6766,678
offline_datapoint_18 1686428244 0,000
offline_datapoint_0 1686428242 10167,323
offline_datapoint_16 1686428242 740,168
offline_datapoint_28 1686428242 0,165
offline_datapoint_17 1686428242 17,639
offline_datapoint_10 1686428242 99,891
offline_datapoint_29 1686428242 0,333
offline_datapoint_22 1686428242 8655,698
offline_datapoint_4 1686428242 0,003
offline_datapoint_11 1686428247 2159790,000
offline_datapoint_5 1686428247 4796,000
offline_datapoint_26 1686428247 819355648,000
offline_datapoint_14 1686428247 483872768,000
offline_datapoint_3 1686428247 13185175552,000
offline_datapoint_9 1686428247 337108992,000
offline_datapoint_25 1686428247 8423,000
offline_datapoint_19 1686428245 0,000
offline_datapoint_8 1686428245 6453,091
offline_datapoint_21 1686428247 337108992,000
offline_datapoint_1 1686428245 0,000
offline_datapoint_20 1686428247 8392282112,000
offline_datapoint_7 1686428247 9625477120,000
offline_datapoint_6 1686428245 0,000
offline_datapoint_12 1686428245 0,641
offline_datapoint_24 1686428245 0,390
offline_datapoint_13 1686428245 7864,632
offline_datapoint_18 1686428247 0,000
offline_datapoint_0 1686428245 12471,221
offline_datapoint_16 1686428245 849,924
offline_datapoint_28 1686428245 0,045
offline_datapoint_17 1686428245 4,333
offline_datapoint_10 1686428245 99,924
offline_datapoint_29 1686428245 0,000
offline_datapoint_22 1686428245 7246,769
offline_datapoint_4 1686428245 0,001
offline_datapoint_11 1686428250 2159790,000
offline_datapoint_5 1686428250 4792,000
offline_datapoint_26 1686428250 819249152,000
offline_datapoint_14 1686428250 483872768,000
offline_datapoint_3 1686428250 13184765952,000
offline_datapoint_9 1686428250 336760832,000
offline_datapoint_25 1686428250 8424,000
offline_datapoint_19 1686428248 0,000
offline_datapoint_8 1686428248 1228,235
offline_datapoint_21 1686428250 336760832,000
offline_datapoint_1 1686428248 0,000
offline_datapoint_20 1686428250 8391589888,000
offline_datapoint_7 1686428250 9624793088,000
offline_datapoint_6 1686428248 0,000
offline_datapoint_12 1686428248 0,503
offline_datapoint_24 1686428248 0,521
offline_datapoint_13 1686428248 7625,861
offline_datapoint_18 1686428250 0,000
offline_datapoint_0 1686428248 11460,635
offline_datapoint_16 1686428248 628,958
offline_datapoint_28 1686428248 0,134
offline_datapoint_17 1686428248 12,673
offline_datapoint_10 1686428248 99,918
offline_datapoint_29 1686428248 0,667
offline_datapoint_22 1686428248 6790,737
offline_datapoint_4 1686428248 0,003
offline_datapoint_11 1686428253 2159790,000
offline_datapoint_5 1686428253 4791,000
offline_datapoint_26 1686428253 819322880,000
offline_datapoint_14 1686428253 483889152,000
offline_datapoint_3 1686428253 13183696896,000
offline_datapoint_9 1686428253 335466496,000
offline_datapoint_25 1686428253 8425,000
offline_datapoint_19 1686428251 0,333
offline_datapoint_8 1686428251 5115,673
offline_datapoint_21 1686428253 335466496,000
offline_datapoint_1 1686428251 0,333
offline_datapoint_20 1686428253 8391598080,000
offline_datapoint_7 1686428253 9625157632,000
offline_datapoint_6 1686428251 0,087
offline_datapoint_12 1686428251 0,932
offline_datapoint_24 1686428251 0,521
offline_datapoint_13 1686428251 9073,420
offline_datapoint_18 1686428253 0,000
offline_datapoint_0 1686428251 14128,763
offline_datapoint_16 1686428251 881,277
offline_datapoint_28 1686428251 0,109
offline_datapoint_17 1686428251 12,666
offline_datapoint_10 1686428251 99,888
offline_datapoint_29 1686428251 0,000
offline_datapoint_22 1686428251 10132,211
offline_datapoint_4 1686428251 0,002
offline_datapoint_11 1686428256 2159790,000
offline_datapoint_5 1686428256 4796,000
offline_datapoint_26 1686428256 819359744,000
offline_datapoint_14 1686428256 483889152,000
offline_datapoint_3 1686428256 13185310720,000
offline_datapoint_9 1686428256 335458304,000
offline_datapoint_25 1686428256 8425,000
offline_datapoint_19 1686428254 0,667
offline_datapoint_8 1686428254 1685,280
offline_datapoint_21 1686428256 335458304,000
offline_datapoint_1 1686428254 0,667
offline_datapoint_20 1686428256 8395309056,000
offline_datapoint_7 1686428256 9634541568,000
offline_datapoint_6 1686428254 0,043
offline_datapoint_12 1686428254 0,590
offline_datapoint_24 1686428254 0,347
offline_datapoint_13 1686428254 6357,798
offline_datapoint_18 1686428256 0,000
offline_datapoint_0 1686428254 9422,033
offline_datapoint_16 1686428254 679,645
offline_datapoint_28 1686428254 0,090
offline_datapoint_17 1686428254 8,000
offline_datapoint_10 1686428254 99,926
offline_datapoint_29 1686428254 0,000
offline_datapoint_22 1686428254 7338,667
offline_datapoint_4 1686428254 0,002
offline_datapoint_11 1686428259 2159790,000
offline_datapoint_5 1686428259 4800,000
offline_datapoint_26 1686428259 819412992,000
offline_datapoint_14 1686428259 483889152,000
offline_datapoint_3 1686428259 13184274432,000
offline_datapoint_9 1686428259 335212544,000
offline_datapoint_25 1686428259 8426,000
offline_datapoint_19 1686428257 0,000
offline_datapoint_8 1686428257 2822,365
offline_datapoint_21 1686428259 335212544,000
offline_datapoint_1 1686428257 0,000
offline_datapoint_20 1686428259 8392163328,000
offline_datapoint_7 1686428259 9625833472,000
offline_datapoint_6 1686428257 0,000
offline_datapoint_12 1686428257 0,574
offline_datapoint_24 1686428257 0,261
offline_datapoint_13 1686428257 6374,342
offline_datapoint_18 1686428259 0,000
offline_datapoint_0 1686428257 9657,093
offline_datapoint_16 1686428257 823,690
offline_datapoint_28 1686428257 0,115
offline_datapoint_17 1686428257 9,341
offline_datapoint_10 1686428257 99,895
offline_datapoint_29 1686428257 0,000
offline_datapoint_22 1686428257 7168,000
offline_datapoint_4 1686428257 0,002
offline_datapoint_11 1686428262 2159790,000
offline_datapoint_5 1686428262 4812,000
offline_datapoint_26 1686428262 819367936,000
offline_datapoint_14 1686428262 483889152,000
offline_datapoint_3 1686428262 13186400256,000
offline_datapoint_9 1686428262 335589376,000
offline_datapoint_25 1686428262 8426,000
offline_datapoint_19 1686428260 0,000
offline_datapoint_8 1686428260 7155,030
offline_datapoint_21 1686428262 335589376,000
offline_datapoint_1 1686428260 0,000
offline_datapoint_20 1686428262 8394272768,000
offline_datapoint_7 1686428262 9627295744,000
offline_datapoint_6 1686428260 0,043
offline_datapoint_12 1686428260 0,595
offline_datapoint_24 1686428260 0,347
offline_datapoint_13 1686428260 8932,546
offline_datapoint_18 1686428262 0,000
offline_datapoint_0 1686428260 13883,082
offline_datapoint_16 1686428260 943,879
offline_datapoint_28 1686428260 0,070
offline_datapoint_17 1686428260 4,330
offline_datapoint_10 1686428260 99,948
offline_datapoint_29 1686428260 0,000
offline_datapoint_22 1686428260 10397,538
offline_datapoint_4 1686428260 0,001
offline_datapoint_11 1686428265 2159790,000
offline_datapoint_5 1686428265 4807,000
offline_datapoint_26 1686428265 819310592,000
offline_datapoint_14 1686428265 483889152,000
offline_datapoint_3 1686428265 13186277376,000
offline_datapoint_9 1686428265 335216640,000
offline_datapoint_25 1686428265 8427,000
offline_datapoint_19 1686428263 0,000
offline_datapoint_8 1686428263 45,345
offline_datapoint_21 1686428265 335216640,000
offline_datapoint_1 1686428263 0,000
offline_datapoint_20 1686428265 8394391552,000
offline_datapoint_7 1686428265 9626976256,000
offline_datapoint_6 1686428263 0,043
offline_datapoint_12 1686428263 0,513
offline_datapoint_24 1686428263 0,347
offline_datapoint_13 1686428263 6909,459
offline_datapoint_18 1686428265 0,000
offline_datapoint_0 1686428263 9981,589
offline_datapoint_16 1686428263 647,835
offline_datapoint_28 1686428263 0,269
offline_datapoint_17 1686428263 45,345
offline_datapoint_10 1686428263 99,813
offline_datapoint_29 1686428263 0,667
offline_datapoint_22 1686428263 6866,824
offline_datapoint_4 1686428263 0,005
offline_datapoint_11 1686428268 2159790,000
offline_datapoint_5 1686428268 4810,000
offline_datapoint_26 1686428268 819355648,000
offline_datapoint_14 1686428268 483889152,000
offline_datapoint_3 1686428268 13185441792,000
offline_datapoint_9 1686428268 335224832,000
offline_datapoint_25 1686428268 8427,000
offline_datapoint_19 1686428266 0,000
offline_datapoint_8 1686428266 6008,761
offline_datapoint_21 1686428268 335224832,000
offline_datapoint_1 1686428266 0,000
offline_datapoint_20 1686428268 8394383360,000
offline_datapoint_7 1686428268 9627136000,000
offline_datapoint_6 1686428266 0,043
offline_datapoint_12 1686428266 1,003
offline_datapoint_24 1686428266 0,434
offline_datapoint_13 1686428266 7685,694
offline_datapoint_18 1686428268 0,000
offline_datapoint_0 1686428266 11478,877
offline_datapoint_16 1686428266 931,630
offline_datapoint_28 1686428266 0,083
offline_datapoint_17 1686428266 5,333
offline_datapoint_10 1686428266 99,939
offline_datapoint_29 1686428266 0,000
offline_datapoint_22 1686428266 6656,000
offline_datapoint_4 1686428266 0,002
offline_datapoint_11 1686428271 2159790,000
offline_datapoint_5 1686428271 4811,000
offline_datapoint_26 1686428271 819404800,000
offline_datapoint_14 1686428271 483889152,000
offline_datapoint_3 1686428271 13185110016,000
offline_datapoint_9 1686428271 335228928,000
offline_datapoint_25 1686428271 8428,000
offline_datapoint_19 1686428269 0,000
offline_datapoint_8 1686428269 49,021
offline_datapoint_21 1686428271 335228928,000
offline_datapoint_1 1686428269 0,000
offline_datapoint_20 1686428271 8394502144,000
offline_datapoint_7 1686428271 9626898432,000
offline_datapoint_6 1686428269 0,043
offline_datapoint_12 1686428269 0,291
offline_datapoint_24 1686428269 0,347
offline_datapoint_13 1686428269 7020,066
offline_datapoint_18 1686428271 0,000
offline_datapoint_0 1686428269 10149,099
offline_datapoint_16 1686428269 655,620
offline_datapoint_28 1686428269 0,096
offline_datapoint_17 1686428269 7,670
offline_datapoint_10 1686428269 99,925
offline_datapoint_29 1686428269 0,000
offline_datapoint_22 1686428269 8726,261
offline_datapoint_4 1686428269 0,002
offline_datapoint_11 1686428274 2159790,000
offline_datapoint_5 1686428274 4799,000
offline_datapoint_26 1686428274 819359744,000
offline_datapoint_14 1686428274 483889152,000
offline_datapoint_3 1686428274 13185794048,000
offline_datapoint_9 1686428274 335237120,000
offline_datapoint_25 1686428274 8428,000
offline_datapoint_19 1686428272 0,000
offline_datapoint_8 1686428272 4383,772
offline_datapoint_21 1686428274 335237120,000
offline_datapoint_1 1686428272 0,000
offline_datapoint_20 1686428274 8393584640,000
offline_datapoint_7 1686428274 9626615808,000
offline_datapoint_6 1686428272 0,043
offline_datapoint_12 1686428272 0,680
offline_datapoint_24 1686428272 0,304
offline_datapoint_13 1686428272 7619,952
offline_datapoint_18 1686428274 0,000
offline_datapoint_0 1686428272 11239,663
offline_datapoint_16 1686428272 817,042
offline_datapoint_28 1686428272 0,085
offline_datapoint_17 1686428272 6,331
offline_datapoint_10 1686428272 99,948
offline_datapoint_29 1686428272 0,000
offline_datapoint_22 1686428272 6036,211
offline_datapoint_4 1686428272 0,002
offline_datapoint_11 1686428277 2159790,000
offline_datapoint_5 1686428277 4794,000
offline_datapoint_26 1686428277 819412992,000
offline_datapoint_14 1686428277 483889152,000
offline_datapoint_3 1686428277 13184421888,000
offline_datapoint_9 1686428277 335618048,000
offline_datapoint_25 1686428277 8428,000
offline_datapoint_19 1686428275 0,000
offline_datapoint_8 1686428275 4335,725
offline_datapoint_21 1686428277 335618048,000
offline_datapoint_1 1686428275 0,000
offline_datapoint_20 1686428277 8393359360,000
offline_datapoint_7 1686428277 9624952832,000
offline_datapoint_6 1686428275 0,043
offline_datapoint_12 1686428275 0,778
offline_datapoint_24 1686428275 0,520
offline_datapoint_13 1686428275 6595,989
offline_datapoint_18 1686428277 0,000
offline_datapoint_0 1686428275 10011,691
offline_datapoint_16 1686428275 785,498
offline_datapoint_28 1686428275 0,064
offline_datapoint_17 1686428275 4,995
offline_datapoint_10 1686428275 99,912
offline_datapoint_29 1686428275 0,333
offline_datapoint_22 1686428275 8192,000
offline_datapoint_4 1686428275 0,001
offline_datapoint_11 1686428280 2159790,000
offline_datapoint_5 1686428280 4791,000
offline_datapoint_26 1686428280 819363840,000
offline_datapoint_14 1686428280 483889152,000
offline_datapoint_3 1686428280 13184806912,000
offline_datapoint_9 1686428280 335249408,000
offline_datapoint_25 1686428280 8428,000
offline_datapoint_19 1686428278 0,333
offline_datapoint_8 1686428278 2894,052
offline_datapoint_21 1686428280 335249408,000
offline_datapoint_1 1686428278 0,333
offline_datapoint_20 1686428280 8394018816,000
offline_datapoint_7 1686428280 9625866240,000
offline_datapoint_6 1686428278 0,043
offline_datapoint_12 1686428278 0,513
offline_datapoint_24 1686428278 0,391
offline_datapoint_13 1686428278 7392,021
offline_datapoint_18 1686428280 0,000
offline_datapoint_0 1686428278 10879,289
offline_datapoint_16 1686428278 770,280
offline_datapoint_28 1686428278 0,114
offline_datapoint_17 1686428278 10,337
offline_datapoint_10 1686428278 99,928
offline_datapoint_29 1686428278 0,000
offline_datapoint_22 1686428278 8456,258
offline_datapoint_4 1686428278 0,002
offline_datapoint_11 1686428283 2159790,000
offline_datapoint_5 1686428283 4795,000
offline_datapoint_26 1686428283 819359744,000
offline_datapoint_14 1686428283 483917824,000
offline_datapoint_3 1686428283 13185945600,000
offline_datapoint_9 1686428283 335257600,000
offline_datapoint_25 1686428283 8428,000
offline_datapoint_19 1686428281 0,000
offline_datapoint_8 1686428281 5939,257
offline_datapoint_21 1686428283 335257600,000
offline_datapoint_1 1686428281 0,000
offline_datapoint_20 1686428283 8393498624,000
offline_datapoint_7 1686428283 9625083904,000
offline_datapoint_6 1686428281 0,000
offline_datapoint_12 1686428281 0,770
offline_datapoint_24 1686428281 0,391
offline_datapoint_13 1686428281 7603,170
offline_datapoint_18 1686428283 0,000
offline_datapoint_0 1686428281 11579,351
offline_datapoint_16 1686428281 863,140
offline_datapoint_28 1686428281 0,130
offline_datapoint_17 1686428281 20,011
offline_datapoint_10 1686428281 99,873
offline_datapoint_29 1686428281 1,334
offline_datapoint_22 1686428281 6075,733
offline_datapoint_4 1686428281 0,003
offline_datapoint_11 1686428286 2159790,000
offline_datapoint_5 1686428286 4794,000
offline_datapoint_26 1686428286 819359744,000
offline_datapoint_14 1686428286 484192256,000
offline_datapoint_3 1686428286 13185691648,000
offline_datapoint_9 1686428286 335269888,000
offline_datapoint_25 1686428286 8429,000
offline_datapoint_19 1686428284 0,000
offline_datapoint_8 1686428284 49,672
offline_datapoint_21 1686428286 335269888,000
offline_datapoint_1 1686428284 0,000
offline_datapoint_20 1686428286 8393613312,000
offline_datapoint_7 1686428286 9625178112,000
offline_datapoint_6 1686428284 0,087
offline_datapoint_12 1686428284 0,595
offline_datapoint_24 1686428284 0,391
offline_datapoint_13 1686428284 7273,181
offline_datapoint_18 1686428286 0,000
offline_datapoint_0 1686428284 10485,222
offline_datapoint_16 1686428284 673,078
offline_datapoint_28 1686428284 0,079
offline_datapoint_17 1686428284 5,334
offline_datapoint_10 1686428284 99,941
offline_datapoint_29 1686428284 0,000
offline_datapoint_22 1686428284 7936,000
offline_datapoint_4 1686428284 0,002
offline_datapoint_11 1686428289 2159790,000
offline_datapoint_5 1686428289 4802,000
offline_datapoint_26 1686428289 819417088,000
offline_datapoint_14 1686428289 484192256,000
offline_datapoint_3 1686428289 13186265088,000
offline_datapoint_9 1686428289 335265792,000
offline_datapoint_25 1686428289 8429,000
offline_datapoint_19 1686428287 0,000
offline_datapoint_8 1686428287 4955,529
offline_datapoint_21 1686428289 335265792,000
offline_datapoint_1 1686428287 0,000
offline_datapoint_20 1686428289 8394027008,000
offline_datapoint_7 1686428289 9626435584,000
offline_datapoint_6 1686428287 0,000
offline_datapoint_12 1686428287 0,490
offline_datapoint_24 1686428287 0,347
offline_datapoint_13 1686428287 7709,194
offline_datapoint_18 1686428289 0,000
offline_datapoint_0 1686428287 11266,898
offline_datapoint_16 1686428287 930,661
offline_datapoint_28 1686428287 0,094
offline_datapoint_17 1686428287 8,997
offline_datapoint_10 1686428287 99,881
offline_datapoint_29 1686428287 0,333
offline_datapoint_22 1686428287 6674,963
offline_datapoint_4 1686428287 0,002
offline_datapoint_11 1686428292 2159790,000
offline_datapoint_5 1686428292 4806,000
offline_datapoint_26 1686428292 819372032,000
offline_datapoint_14 1686428292 484335616,000
offline_datapoint_3 1686428292 13188337664,000
offline_datapoint_9 1686428292 335560704,000
offline_datapoint_25 1686428292 8427,000
offline_datapoint_19 1686428290 0,000
offline_datapoint_8 1686428290 5651,403
offline_datapoint_21 1686428292 335560704,000
offline_datapoint_1 1686428290 0,000
offline_datapoint_20 1686428292 8394788864,000
offline_datapoint_7 1686428292 9625477120,000
offline_datapoint_6 1686428290 0,000
offline_datapoint_12 1686428290 1,186
offline_datapoint_24 1686428290 0,304
offline_datapoint_13 1686428290 7806,636
offline_datapoint_18 1686428292 0,000
offline_datapoint_0 1686428290 12358,758
offline_datapoint_16 1686428290 833,628
offline_datapoint_28 1686428290 0,065
offline_datapoint_17 1686428290 4,333
offline_datapoint_10 1686428290 99,990
offline_datapoint_29 1686428290 0,000
offline_datapoint_22 1686428290 6616,615
offline_datapoint_4 1686428290 0,001
offline_datapoint_11 1686428295 2159790,000
offline_datapoint_5 1686428295 4801,000
offline_datapoint_26 1686428295 819372032,000
offline_datapoint_14 1686428295 484376576,000
offline_datapoint_3 1686428295 13187076096,000
offline_datapoint_9 1686428295 335552512,000
offline_datapoint_25 1686428295 8428,000
offline_datapoint_19 1686428293 0,000
offline_datapoint_8 1686428293 2793,252
offline_datapoint_21 1686428295 335552512,000
offline_datapoint_1 1686428293 0,000
offline_datapoint_20 1686428295 8394846208,000
offline_datapoint_7 1686428295 9625489408,000
offline_datapoint_6 1686428293 0,000
offline_datapoint_12 1686428293 0,820
offline_datapoint_24 1686428293 0,477
offline_datapoint_13 1686428293 10509,362
offline_datapoint_18 1686428295 0,000
offline_datapoint_0 1686428293 15873,873
offline_datapoint_16 1686428293 864,975
offline_datapoint_28 1686428293 0,134
offline_datapoint_17 1686428293 13,666
offline_datapoint_10 1686428293 99,871
offline_datapoint_29 1686428293 0,000
offline_datapoint_22 1686428293 8691,512
offline_datapoint_4 1686428293 0,003
offline_datapoint_11 1686428298 2159790,000
offline_datapoint_5 1686428298 4809,000
offline_datapoint_26 1686428298 819372032,000
offline_datapoint_14 1686428298 484376576,000
offline_datapoint_3 1686428298 13189414912,000
offline_datapoint_9 1686428298 335556608,000
offline_datapoint_25 1686428298 8428,000
offline_datapoint_19 1686428296 0,000
offline_datapoint_8 1686428296 7101,538
offline_datapoint_21 1686428298 335556608,000
offline_datapoint_1 1686428296 0,000
offline_datapoint_20 1686428298 8396054528,000
offline_datapoint_7 1686428298 9625387008,000
offline_datapoint_6 1686428296 0,043
offline_datapoint_12 1686428296 0,742
offline_datapoint_24 1686428296 0,348
offline_datapoint_13 1686428296 9914,336
offline_datapoint_18 1686428298 0,000
offline_datapoint_0 1686428296 15181,702
offline_datapoint_16 1686428296 917,253
offline_datapoint_28 1686428296 0,103
offline_datapoint_17 1686428296 21,013
offline_datapoint_10 1686428296 99,932
offline_datapoint_29 1686428296 0,667
offline_datapoint_22 1686428296 5396,317
offline_datapoint_4 1686428296 0,002
offline_datapoint_11 1686428301 2159790,000
offline_datapoint_5 1686428301 4806,000
offline_datapoint_26 1686428301 819376128,000
offline_datapoint_14 1686428301 484376576,000
offline_datapoint_3 1686428301 13185003520,000
offline_datapoint_9 1686428301 335560704,000
offline_datapoint_25 1686428301 8428,000
offline_datapoint_19 1686428299 0,000
offline_datapoint_8 1686428299 745,607
offline_datapoint_21 1686428301 335560704,000
offline_datapoint_1 1686428299 0,000
offline_datapoint_20 1686428301 8392228864,000
offline_datapoint_7 1686428301 9614315520,000
offline_datapoint_6 1686428299 0,000
offline_datapoint_12 1686428299 0,890
offline_datapoint_24 1686428299 0,304
offline_datapoint_13 1686428299 9373,911
offline_datapoint_18 1686428301 0,000
offline_datapoint_0 1686428299 14700,148
offline_datapoint_16 1686428299 646,615
offline_datapoint_28 1686428299 0,099
offline_datapoint_17 1686428299 6,999
offline_datapoint_10 1686428299 99,877
offline_datapoint_29 1686428299 0,000
offline_datapoint_22 1686428299 13458,286
offline_datapoint_4 1686428299 0,002
offline_datapoint_11 1686428304 2159790,000
offline_datapoint_5 1686428304 4868,000
offline_datapoint_26 1686428304 819425280,000
offline_datapoint_14 1686428304 484466688,000
offline_datapoint_3 1686428304 13198430208,000
offline_datapoint_9 1686428304 335581184,000
offline_datapoint_25 1686428304 8430,000
offline_datapoint_19 1686428302 1,998
offline_datapoint_8 1686428302 9280,736
offline_datapoint_21 1686428304 335581184,000
offline_datapoint_1 1686428302 1,998
offline_datapoint_20 1686428304 8403619840,000
offline_datapoint_7 1686428304 9640816640,000
offline_datapoint_6 1686428302 0,000
offline_datapoint_12 1686428302 0,381
offline_datapoint_24 1686428302 0,347
offline_datapoint_13 1686428302 9476,867
offline_datapoint_18 1686428304 0,000
offline_datapoint_0 1686428302 12776,788
offline_datapoint_16 1686428302 860,111
offline_datapoint_28 1686428302 0,071
offline_datapoint_17 1686428302 9,657
offline_datapoint_10 1686428302 99,919
offline_datapoint_29 1686428302 0,999
offline_datapoint_22 1686428302 7856,552
offline_datapoint_4 1686428302 0,001
offline_datapoint_11 1686428307 2159790,000
offline_datapoint_5 1686428307 4876,000
offline_datapoint_26 1686428307 819503104,000
offline_datapoint_14 1686428307 484466688,000
offline_datapoint_3 1686428307 13202632704,000
offline_datapoint_9 1686428307 335880192,000
offline_datapoint_25 1686428307 8428,000
offline_datapoint_19 1686428305 0,000
offline_datapoint_8 1686428305 4108,966
offline_datapoint_21 1686428307 335880192,000
offline_datapoint_1 1686428305 0,000
offline_datapoint_20 1686428307 8406642688,000
offline_datapoint_7 1686428307 9648410624,000
offline_datapoint_6 1686428305 0,043
offline_datapoint_12 1686428305 0,609
offline_datapoint_24 1686428305 0,217
offline_datapoint_13 1686428305 6788,074
offline_datapoint_18 1686428307 0,000
offline_datapoint_0 1686428305 9847,765
offline_datapoint_16 1686428305 757,161
offline_datapoint_28 1686428305 0,074
offline_datapoint_17 1686428305 6,009
offline_datapoint_10 1686428305 99,939
offline_datapoint_29 1686428305 0,000
offline_datapoint_22 1686428305 6826,667
offline_datapoint_4 1686428305 0,001
offline_datapoint_11 1686428310 2159790,000
offline_datapoint_5 1686428310 4859,000
offline_datapoint_26 1686428310 819453952,000
offline_datapoint_14 1686428310 484466688,000
offline_datapoint_3 1686428310 13198385152,000
offline_datapoint_9 1686428310 335601664,000
offline_datapoint_25 1686428310 8428,000
offline_datapoint_19 1686428308 0,000
offline_datapoint_8 1686428308 3329,766
offline_datapoint_21 1686428310 335601664,000
offline_datapoint_1 1686428308 0,000
offline_datapoint_20 1686428310 8401387520,000
offline_datapoint_7 1686428310 9638383616,000
offline_datapoint_6 1686428308 0,043
offline_datapoint_12 1686428308 0,406
offline_datapoint_24 1686428308 0,304
offline_datapoint_13 1686428308 7842,599
offline_datapoint_18 1686428310 0,000
offline_datapoint_0 1686428308 11206,662
offline_datapoint_16 1686428308 799,144
offline_datapoint_28 1686428308 0,110
offline_datapoint_17 1686428308 10,988
offline_datapoint_10 1686428308 99,929
offline_datapoint_29 1686428308 0,000
offline_datapoint_22 1686428308 13529,212
offline_datapoint_4 1686428308 0,002
offline_datapoint_11 1686428313 2159790,000
offline_datapoint_5 1686428313 4858,000
offline_datapoint_26 1686428313 819453952,000
offline_datapoint_14 1686428313 484466688,000
offline_datapoint_3 1686428313 13196251136,000
offline_datapoint_9 1686428313 335605760,000
offline_datapoint_25 1686428313 8428,000
offline_datapoint_19 1686428311 0,000
offline_datapoint_8 1686428311 5924,595
offline_datapoint_21 1686428313 335605760,000
offline_datapoint_1 1686428311 0,000
offline_datapoint_20 1686428313 8401375232,000
offline_datapoint_7 1686428313 9637945344,000
offline_datapoint_6 1686428311 0,000
offline_datapoint_12 1686428311 0,630
offline_datapoint_24 1686428311 0,304
offline_datapoint_13 1686428311 7740,519
offline_datapoint_18 1686428313 0,000
offline_datapoint_0 1686428311 11822,514
offline_datapoint_16 1686428311 864,281
offline_datapoint_28 1686428311 0,079
offline_datapoint_17 1686428311 6,669
offline_datapoint_10 1686428311 99,903
offline_datapoint_29 1686428311 0,000
offline_datapoint_22 1686428311 6553,600
offline_datapoint_4 1686428311 0,002
offline_datapoint_11 1686428316 2159790,000
offline_datapoint_5 1686428316 4856,000
offline_datapoint_26 1686428316 819380224,000
offline_datapoint_14 1686428316 484466688,000
offline_datapoint_3 1686428316 13195935744,000
offline_datapoint_9 1686428316 335605760,000
offline_datapoint_25 1686428316 8428,000
offline_datapoint_19 1686428314 0,000
offline_datapoint_8 1686428314 44,330
offline_datapoint_21 1686428316 335605760,000
offline_datapoint_1 1686428314 0,000
offline_datapoint_20 1686428316 8401387520,000
offline_datapoint_7 1686428316 9637863424,000
offline_datapoint_6 1686428314 0,087
offline_datapoint_12 1686428314 0,457
offline_datapoint_24 1686428314 0,260
offline_datapoint_13 1686428314 5943,198
offline_datapoint_18 1686428316 0,000
offline_datapoint_0 1686428314 8810,639
offline_datapoint_16 1686428314 609,952
offline_datapoint_28 1686428314 0,230
offline_datapoint_17 1686428314 28,331
offline_datapoint_10 1686428314 99,833
offline_datapoint_29 1686428314 0,667
offline_datapoint_22 1686428314 5975,341
offline_datapoint_4 1686428314 0,005
offline_datapoint_11 1686428319 2159790,000
offline_datapoint_5 1686428319 4856,000
offline_datapoint_26 1686428319 819482624,000
offline_datapoint_14 1686428319 484466688,000
offline_datapoint_3 1686428319 13196537856,000
offline_datapoint_9 1686428319 335613952,000
offline_datapoint_25 1686428319 8428,000
offline_datapoint_19 1686428317 0,667
offline_datapoint_8 1686428317 4396,711
offline_datapoint_21 1686428319 335613952,000
offline_datapoint_1 1686428317 0,667
offline_datapoint_20 1686428319 8401338368,000
offline_datapoint_7 1686428319 9637928960,000
offline_datapoint_6 1686428317 0,000
offline_datapoint_12 1686428317 0,518
offline_datapoint_24 1686428317 0,130
offline_datapoint_13 1686428317 6396,701
offline_datapoint_18 1686428319 0,000
offline_datapoint_0 1686428317 9726,906
offline_datapoint_16 1686428317 854,471
offline_datapoint_28 1686428317 0,078
offline_datapoint_17 1686428317 8,668
offline_datapoint_10 1686428317 99,879
offline_datapoint_29 1686428317 0,000
offline_datapoint_22 1686428317 7246,769
offline_datapoint_4 1686428317 0,002
offline_datapoint_11 1686428322 2159790,000
offline_datapoint_5 1686428322 4860,000
offline_datapoint_26 1686428322 819433472,000
offline_datapoint_14 1686428322 484466688,000
offline_datapoint_3 1686428322 13197205504,000
offline_datapoint_9 1686428322 335872000,000
offline_datapoint_25 1686428322 8428,000
offline_datapoint_19 1686428320 0,000
offline_datapoint_8 1686428320 939,925
offline_datapoint_21 1686428322 335872000,000
offline_datapoint_1 1686428320 0,000
offline_datapoint_20 1686428322 8401707008,000
offline_datapoint_7 1686428322 9636773888,000
offline_datapoint_6 1686428320 0,000
offline_datapoint_12 1686428320 0,025
offline_datapoint_24 1686428320 0,217
offline_datapoint_13 1686428320 6081,162
offline_datapoint_18 1686428322 0,000
offline_datapoint_0 1686428320 9113,738
offline_datapoint_16 1686428320 647,074
offline_datapoint_28 1686428320 0,064
offline_datapoint_17 1686428320 5,003
offline_datapoint_10 1686428320 99,927
offline_datapoint_29 1686428320 0,334
offline_datapoint_22 1686428320 8465,067
offline_datapoint_4 1686428320 0,001
offline_datapoint_11 1686428325 2159790,000
offline_datapoint_5 1686428325 4858,000
offline_datapoint_26 1686428325 819433472,000
offline_datapoint_14 1686428325 484466688,000
offline_datapoint_3 1686428325 13197639680,000
offline_datapoint_9 1686428325 335618048,000
offline_datapoint_25 1686428325 8427,000
offline_datapoint_19 1686428323 0,000
offline_datapoint_8 1686428323 6087,707
offline_datapoint_21 1686428325 335618048,000
offline_datapoint_1 1686428323 0,000
offline_datapoint_20 1686428325 8402255872,000
offline_datapoint_7 1686428325 9637625856,000
offline_datapoint_6 1686428323 0,000
offline_datapoint_12 1686428323 0,902
offline_datapoint_24 1686428323 0,174
offline_datapoint_13 1686428323 6378,947
offline_datapoint_18 1686428325 0,000
offline_datapoint_0 1686428323 9854,162
offline_datapoint_16 1686428323 831,399
offline_datapoint_28 1686428323 0,149
offline_datapoint_17 1686428323 13,995
offline_datapoint_10 1686428323 99,867
offline_datapoint_29 1686428323 0,000
offline_datapoint_22 1686428323 12775,619
offline_datapoint_4 1686428323 0,003
offline_datapoint_11 1686428328 2159790,000
offline_datapoint_5 1686428328 4856,000
offline_datapoint_26 1686428328 819433472,000
offline_datapoint_14 1686428328 484466688,000
offline_datapoint_3 1686428328 13199642624,000
offline_datapoint_9 1686428328 335917056,000
offline_datapoint_25 1686428328 8427,000
offline_datapoint_19 1686428326 0,000
offline_datapoint_8 1686428326 5993,209
offline_datapoint_21 1686428328 335917056,000
offline_datapoint_1 1686428326 0,000
offline_datapoint_20 1686428328 8402628608,000
offline_datapoint_7 1686428328 9637470208,000
offline_datapoint_6 1686428326 0,000
offline_datapoint_12 1686428326 0,717
offline_datapoint_24 1686428326 0,434
offline_datapoint_13 1686428326 7744,604
offline_datapoint_18 1686428328 0,000
offline_datapoint_0 1686428326 11829,080
offline_datapoint_16 1686428326 876,364
offline_datapoint_28 1686428326 0,088
offline_datapoint_17 1686428326 7,667
offline_datapoint_10 1686428326 99,921
offline_datapoint_29 1686428326 0,667
offline_datapoint_22 1686428326 9260,522
offline_datapoint_4 1686428326 0,002
offline_datapoint_11 1686428331 2159790,000
offline_datapoint_5 1686428331 4855,000
offline_datapoint_26 1686428331 819384320,000
offline_datapoint_14 1686428331 484466688,000
offline_datapoint_3 1686428331 13195317248,000
offline_datapoint_9 1686428331 335638528,000
offline_datapoint_25 1686428331 8428,000
offline_datapoint_19 1686428329 2,998
offline_datapoint_8 1686428329 671,660
offline_datapoint_21 1686428331 335638528,000
offline_datapoint_1 1686428329 0,666
offline_datapoint_20 1686428331 8399003648,000
offline_datapoint_7 1686428331 9625677824,000
offline_datapoint_6 1686428329 0,000
offline_datapoint_12 1686428329 0,159
offline_datapoint_24 1686428329 0,087
offline_datapoint_13 1686428329 6206,521
offline_datapoint_18 1686428331 1,000
offline_datapoint_0 1686428329 9316,611
offline_datapoint_16 1686428329 624,350
offline_datapoint_28 1686428329 0,163
offline_datapoint_17 1686428329 24,987
offline_datapoint_10 1686428329 99,853
offline_datapoint_29 1686428329 0,666
offline_datapoint_22 1686428329 6062,080
offline_datapoint_4 1686428329 0,003
offline_datapoint_11 1686428334 2159790,000
offline_datapoint_5 1686428334 4850,000
offline_datapoint_26 1686428334 819482624,000
offline_datapoint_14 1686428334 484466688,000
offline_datapoint_3 1686428334 13193859072,000
offline_datapoint_9 1686428334 335904768,000
offline_datapoint_25 1686428334 8428,000
offline_datapoint_19 1686428332 0,667
offline_datapoint_8 1686428332 4395,685
offline_datapoint_21 1686428334 335904768,000
offline_datapoint_1 1686428332 0,667
offline_datapoint_20 1686428334 8398364672,000
offline_datapoint_7 1686428334 9624981504,000
offline_datapoint_6 1686428332 0,000
offline_datapoint_12 1686428332 0,307
offline_datapoint_24 1686428332 0,261
offline_datapoint_13 1686428332 6466,831
offline_datapoint_18 1686428334 0,000
offline_datapoint_0 1686428332 9896,625
offline_datapoint_16 1686428332 763,844
offline_datapoint_28 1686428332 0,141
offline_datapoint_17 1686428332 8,335
offline_datapoint_10 1686428332 99,900
offline_datapoint_29 1686428332 0,000
offline_datapoint_22 1686428332 15564,800
offline_datapoint_4 1686428332 0,003
offline_datapoint_11 1686428337 2159790,000
offline_datapoint_5 1686428337 4847,000
offline_datapoint_26 1686428337 819482624,000
offline_datapoint_14 1686428337 484466688,000
offline_datapoint_3 1686428337 13193367552,000
offline_datapoint_9 1686428337 335912960,000
offline_datapoint_25 1686428337 8428,000
offline_datapoint_19 1686428335 0,000
offline_datapoint_8 1686428335 32,335
offline_datapoint_21 1686428337 335912960,000
offline_datapoint_1 1686428335 0,000
offline_datapoint_20 1686428337 8398290944,000
offline_datapoint_7 1686428337 9624621056,000
offline_datapoint_6 1686428335 0,043
offline_datapoint_12 1686428335 0,627
offline_datapoint_24 1686428335 0,174
offline_datapoint_13 1686428335 5980,924
offline_datapoint_18 1686428337 0,000
offline_datapoint_0 1686428335 8904,050
offline_datapoint_16 1686428335 609,693
offline_datapoint_28 1686428335 0,068
offline_datapoint_17 1686428335 5,000
offline_datapoint_10 1686428335 99,908
offline_datapoint_29 1686428335 0,000
offline_datapoint_22 1686428335 7918,933
offline_datapoint_4 1686428335 0,001
offline_datapoint_11 1686428340 2159790,000
offline_datapoint_5 1686428340 4841,000
offline_datapoint_26 1686428340 819433472,000
offline_datapoint_14 1686428340 484466688,000
offline_datapoint_3 1686428340 13192953856,000
offline_datapoint_9 1686428340 335917056,000
offline_datapoint_25 1686428340 8428,000
offline_datapoint_19 1686428338 0,000
offline_datapoint_8 1686428338 7150,482
offline_datapoint_21 1686428340 335917056,000
offline_datapoint_1 1686428338 0,000
offline_datapoint_20 1686428340 8399077376,000
offline_datapoint_7 1686428340 9625563136,000
offline_datapoint_6 1686428338 0,043
offline_datapoint_12 1686428338 0,519
offline_datapoint_24 1686428338 0,303
offline_datapoint_13 1686428338 6958,657
offline_datapoint_18 1686428340 0,000
offline_datapoint_0 1686428338 10688,590
offline_datapoint_16 1686428338 904,176
offline_datapoint_28 1686428338 0,114
offline_datapoint_17 1686428338 10,657
offline_datapoint_10 1686428338 99,945
offline_datapoint_29 1686428338 0,666
offline_datapoint_22 1686428338 7296,000
offline_datapoint_4 1686428338 0,002
offline_datapoint_11 1686428343 2159790,000
offline_datapoint_5 1686428343 4838,000
offline_datapoint_26 1686428343 819433472,000
offline_datapoint_14 1686428343 484466688,000
offline_datapoint_3 1686428343 13192273920,000
offline_datapoint_9 1686428343 336175104,000
offline_datapoint_25 1686428343 8428,000
offline_datapoint_19 1686428341 0,000
offline_datapoint_8 1686428341 4274,075
offline_datapoint_21 1686428343 336175104,000
offline_datapoint_1 1686428341 0,000
offline_datapoint_20 1686428343 8398385152,000
offline_datapoint_7 1686428343 9627152384,000
offline_datapoint_6 1686428341 0,000
offline_datapoint_12 1686428341 0,292
offline_datapoint_24 1686428341 0,217
offline_datapoint_13 1686428341 7889,650
offline_datapoint_18 1686428343 0,000
offline_datapoint_0 1686428341 11767,223
offline_datapoint_16 1686428341 831,052
offline_datapoint_28 1686428341 0,086
offline_datapoint_17 1686428341 7,676
offline_datapoint_10 1686428341 99,832
offline_datapoint_29 1686428341 0,000
offline_datapoint_22 1686428341 9616,696
offline_datapoint_4 1686428341 0,002
offline_datapoint_11 1686428346 2159790,000
offline_datapoint_5 1686428346 4836,000
offline_datapoint_26 1686428346 819433472,000
offline_datapoint_14 1686428346 484466688,000
offline_datapoint_3 1686428346 13191606272,000
offline_datapoint_9 1686428346 335933440,000
offline_datapoint_25 1686428346 8427,000
offline_datapoint_19 1686428344 0,000
offline_datapoint_8 1686428344 3871,085
offline_datapoint_21 1686428346 335933440,000
offline_datapoint_1 1686428344 0,000
offline_datapoint_20 1686428346 8397975552,000
offline_datapoint_7 1686428346 9627799552,000
offline_datapoint_6 1686428344 0,043
offline_datapoint_12 1686428344 1,170
offline_datapoint_24 1686428344 0,564
offline_datapoint_13 1686428344 9207,147
offline_datapoint_18 1686428346 0,000
offline_datapoint_0 1686428344 14123,265
offline_datapoint_16 1686428344 755,634
offline_datapoint_28 1686428344 0,077
offline_datapoint_17 1686428344 4,995
offline_datapoint_10 1686428344 99,927
offline_datapoint_29 1686428344 0,000
offline_datapoint_22 1686428344 5734,400
offline_datapoint_4 1686428344 0,002
offline_datapoint_11 1686428349 2159790,000
offline_datapoint_5 1686428349 4836,000
offline_datapoint_26 1686428349 819482624,000
offline_datapoint_14 1686428349 484466688,000
offline_datapoint_3 1686428349 13189894144,000
offline_datapoint_9 1686428349 336175104,000
offline_datapoint_25 1686428349 8427,000
offline_datapoint_19 1686428347 0,000
offline_datapoint_8 1686428347 4635,457
offline_datapoint_21 1686428349 336175104,000
offline_datapoint_1 1686428347 0,000
offline_datapoint_20 1686428349 8395169792,000
offline_datapoint_7 1686428349 9625833472,000
offline_datapoint_6 1686428347 0,000
offline_datapoint_12 1686428347 0,507
offline_datapoint_24 1686428347 0,347
offline_datapoint_13 1686428347 8271,175
offline_datapoint_18 1686428349 0,000
offline_datapoint_0 1686428347 13037,598
offline_datapoint_16 1686428347 891,767
offline_datapoint_28 1686428347 0,149
offline_datapoint_17 1686428347 24,327
offline_datapoint_10 1686428347 99,879
offline_datapoint_29 1686428347 3,332
offline_datapoint_22 1686428347 11895,233
offline_datapoint_4 1686428347 0,003
offline_datapoint_11 1686428352 2159790,000
offline_datapoint_5 1686428352 4836,000
offline_datapoint_26 1686428352 819564544,000
offline_datapoint_14 1686428352 484466688,000
offline_datapoint_3 1686428352 13192896512,000
offline_datapoint_9 1686428352 335945728,000
offline_datapoint_25 1686428352 8427,000
offline_datapoint_19 1686428350 0,000
offline_datapoint_8 1686428350 1391,919
offline_datapoint_21 1686428352 335945728,000
offline_datapoint_1 1686428350 0,000
offline_datapoint_20 1686428352 8396673024,000
offline_datapoint_7 1686428352 9624285184,000
offline_datapoint_6 1686428350 0,043
offline_datapoint_12 1686428350 1,332
offline_datapoint_24 1686428350 0,477
offline_datapoint_13 1686428350 9418,863
offline_datapoint_18 1686428352 0,000
offline_datapoint_0 1686428350 14532,340
offline_datapoint_16 1686428350 724,451
offline_datapoint_28 1686428350 0,102
offline_datapoint_17 1686428350 6,331
offline_datapoint_10 1686428350 99,928
offline_datapoint_29 1686428350 0,000
offline_datapoint_22 1686428350 6251,789
offline_datapoint_4 1686428350 0,002
offline_datapoint_11 1686428355 2159790,000
offline_datapoint_5 1686428355 4837,000
offline_datapoint_26 1686428355 819576832,000
offline_datapoint_14 1686428355 484466688,000
offline_datapoint_3 1686428355 13190963200,000
offline_datapoint_9 1686428355 335982592,000
offline_datapoint_25 1686428355 8426,000
offline_datapoint_19 1686428353 0,334
offline_datapoint_8 1686428353 7128,165
offline_datapoint_21 1686428355 335982592,000
offline_datapoint_1 1686428353 0,334
offline_datapoint_20 1686428355 8396795904,000
offline_datapoint_7 1686428355 9626980352,000
offline_datapoint_6 1686428353 0,043
offline_datapoint_12 1686428353 0,934
offline_datapoint_24 1686428353 0,609
offline_datapoint_13 1686428353 9014,177
offline_datapoint_18 1686428355 0,000
offline_datapoint_0 1686428353 13866,501
offline_datapoint_16 1686428353 927,306
offline_datapoint_28 1686428353 0,144
offline_datapoint_17 1686428353 11,692
offline_datapoint_10 1686428353 99,862
offline_datapoint_29 1686428353 0,000
offline_datapoint_22 1686428353 8192,000
offline_datapoint_4 1686428353 0,003
offline_datapoint_11 1686428358 2159790,000
offline_datapoint_5 1686428358 4851,000
offline_datapoint_26 1686428358 819576832,000
offline_datapoint_14 1686428358 484466688,000
offline_datapoint_3 1686428358 13194838016,000
offline_datapoint_9 1686428358 336261120,000
offline_datapoint_25 1686428358 8427,000
offline_datapoint_19 1686428356 0,000
offline_datapoint_8 1686428356 5987,037
offline_datapoint_21 1686428358 336261120,000
offline_datapoint_1 1686428356 0,000
offline_datapoint_20 1686428358 8397574144,000
offline_datapoint_7 1686428358 9626755072,000
offline_datapoint_6 1686428356 0,043
offline_datapoint_12 1686428356 0,662
offline_datapoint_24 1686428356 0,390
offline_datapoint_13 1686428356 8351,805
offline_datapoint_18 1686428358 0,000
offline_datapoint_0 1686428356 12936,770
offline_datapoint_16 1686428356 867,093
offline_datapoint_28 1686428356 0,090
offline_datapoint_17 1686428356 9,993
offline_datapoint_10 1686428356 99,947
offline_datapoint_29 1686428356 0,666
offline_datapoint_22 1686428356 10240,000
offline_datapoint_4 1686428356 0,002
offline_datapoint_11 1686428361 2159790,000
offline_datapoint_5 1686428361 4856,000
offline_datapoint_26 1686428361 819625984,000
offline_datapoint_14 1686428361 484466688,000
offline_datapoint_3 1686428361 13194620928,000
offline_datapoint_9 1686428361 336007168,000
offline_datapoint_25 1686428361 8427,000
offline_datapoint_19 1686428359 0,000
offline_datapoint_8 1686428359 83,662
offline_datapoint_21 1686428361 336007168,000
offline_datapoint_1 1686428359 0,000
offline_datapoint_20 1686428361 8397889536,000
offline_datapoint_7 1686428361 9626497024,000
offline_datapoint_6 1686428359 0,043
offline_datapoint_12 1686428359 0,524
offline_datapoint_24 1686428359 0,304
offline_datapoint_13 1686428359 8651,881
offline_datapoint_18 1686428361 1,000
offline_datapoint_0 1686428359 12731,668
offline_datapoint_16 1686428359 657,299
offline_datapoint_28 1686428359 0,070
offline_datapoint_17 1686428359 6,666
offline_datapoint_10 1686428359 99,937
offline_datapoint_29 1686428359 0,000
offline_datapoint_22 1686428359 7168,000
offline_datapoint_4 1686428359 0,001
offline_datapoint_11 1686428364 2159790,000
offline_datapoint_5 1686428364 4826,000
offline_datapoint_26 1686428364 819523584,000
offline_datapoint_14 1686428364 487505920,000
offline_datapoint_3 1686428364 13188521984,000
offline_datapoint_9 1686428364 337829888,000
offline_datapoint_25 1686428364 8535,000
offline_datapoint_19 1686428362 195,225
offline_datapoint_8 1686428362 9606,983
offline_datapoint_21 1686428364 337829888,000
offline_datapoint_1 1686428362 0,000
offline_datapoint_20 1686428364 8392228864,000
offline_datapoint_7 1686428364 9638010880,000
offline_datapoint_6 1686428362 0,043
offline_datapoint_12 1686428362 1,235
offline_datapoint_24 1686428362 0,651
offline_datapoint_13 1686428362 16769,993
offline_datapoint_18 1686428364 0,000
offline_datapoint_0 1686428362 29717,782
offline_datapoint_16 1686428362 1062,741
offline_datapoint_28 1686428362 0,186
offline_datapoint_17 1686428362 42,976
offline_datapoint_10 1686428362 99,831
offline_datapoint_29 1686428362 0,333
offline_datapoint_22 1686428362 23909,209
offline_datapoint_4 1686428362 0,004
offline_datapoint_11 1686428367 2159790,000
offline_datapoint_5 1686428367 4826,000
offline_datapoint_26 1686428367 819576832,000
offline_datapoint_14 1686428367 487518208,000
offline_datapoint_3 1686428367 13187776512,000
offline_datapoint_9 1686428367 335933440,000
offline_datapoint_25 1686428367 8537,000
offline_datapoint_19 1686428365 0,333
offline_datapoint_8 1686428365 332,887
offline_datapoint_21 1686428367 335933440,000
offline_datapoint_1 1686428365 0,333
offline_datapoint_20 1686428367 8391712768,000
offline_datapoint_7 1686428367 9635127296,000
offline_datapoint_6 1686428365 0,043
offline_datapoint_12 1686428365 0,255
offline_datapoint_24 1686428365 0,130
offline_datapoint_13 1686428365 5969,980
offline_datapoint_18 1686428367 0,000
offline_datapoint_0 1686428365 9079,262
offline_datapoint_16 1686428365 613,792
offline_datapoint_28 1686428365 0,097
offline_datapoint_17 1686428365 7,997
offline_datapoint_10 1686428365 99,900
offline_datapoint_29 1686428365 1,000
offline_datapoint_22 1686428365 16213,333
offline_datapoint_4 1686428365 0,002
offline_datapoint_11 1686428370 2159790,000
offline_datapoint_5 1686428370 4823,000
offline_datapoint_26 1686428370 819572736,000
offline_datapoint_14 1686428370 487518208,000
offline_datapoint_3 1686428370 13186691072,000
offline_datapoint_9 1686428370 336211968,000
offline_datapoint_25 1686428370 8537,000
offline_datapoint_19 1686428368 0,000
offline_datapoint_8 1686428368 6930,210
offline_datapoint_21 1686428370 336211968,000
offline_datapoint_1 1686428368 0,000
offline_datapoint_20 1686428370 8391303168,000
offline_datapoint_7 1686428370 9635278848,000
offline_datapoint_6 1686428368 0,000
offline_datapoint_12 1686428368 0,581
offline_datapoint_24 1686428368 0,434
offline_datapoint_13 1686428368 7394,580
offline_datapoint_18 1686428370 0,000
offline_datapoint_0 1686428368 11372,226
offline_datapoint_16 1686428368 892,403
offline_datapoint_28 1686428368 0,113
offline_datapoint_17 1686428368 10,001
offline_datapoint_10 1686428368 99,931
offline_datapoint_29 1686428368 0,000
offline_datapoint_22 1686428368 9147,733
offline_datapoint_4 1686428368 0,002
offline_datapoint_11 1686428373 2159790,000
offline_datapoint_5 1686428373 4822,000
offline_datapoint_26 1686428373 819572736,000
offline_datapoint_14 1686428373 487522304,000
offline_datapoint_3 1686428373 13185576960,000
offline_datapoint_9 1686428373 336482304,000
offline_datapoint_25 1686428373 8538,000
offline_datapoint_19 1686428371 1,333
offline_datapoint_8 1686428371 5771,999
offline_datapoint_21 1686428373 336482304,000
offline_datapoint_1 1686428371 0,333
offline_datapoint_20 1686428373 8390459392,000
offline_datapoint_7 1686428373 9634648064,000
offline_datapoint_6 1686428371 0,000
offline_datapoint_12 1686428371 0,853
offline_datapoint_24 1686428371 0,434
offline_datapoint_13 1686428371 10565,552
offline_datapoint_18 1686428373 0,000
offline_datapoint_0 1686428371 16519,905
offline_datapoint_16 1686428371 864,100
offline_datapoint_28 1686428371 0,098
offline_datapoint_17 1686428371 9,668
offline_datapoint_10 1686428371 99,874
offline_datapoint_29 1686428371 1,333
offline_datapoint_22 1686428371 8333,241
offline_datapoint_4 1686428371 0,002
offline_datapoint_11 1686428376 2159790,000
offline_datapoint_5 1686428376 4915,000
offline_datapoint_26 1686428376 819662848,000
offline_datapoint_14 1686428376 487817216,000
offline_datapoint_3 1686428376 13214842880,000
offline_datapoint_9 1686428376 337752064,000
offline_datapoint_25 1686428376 8515,000
offline_datapoint_19 1686428374 1,333
offline_datapoint_8 1686428374 19480,477
offline_datapoint_21 1686428376 337752064,000
offline_datapoint_1 1686428374 1,333
offline_datapoint_20 1686428376 8415350784,000
offline_datapoint_7 1686428376 9721757696,000
offline_datapoint_6 1686428374 0,043
offline_datapoint_12 1686428374 1,778
offline_datapoint_24 1686428374 0,998
offline_datapoint_13 1686428374 12511,930
offline_datapoint_18 1686428376 0,000
offline_datapoint_0 1686428374 14114,699
offline_datapoint_16 1686428374 2421,814
offline_datapoint_28 1686428374 0,184
offline_datapoint_17 1686428374 37,987
offline_datapoint_10 1686428374 99,787
offline_datapoint_29 1686428374 2,666
offline_datapoint_22 1686428374 8551,298
offline_datapoint_4 1686428374 0,004
offline_datapoint_11 1686428379 2159790,000
offline_datapoint_5 1686428379 4902,000
offline_datapoint_26 1686428379 819859456,000
offline_datapoint_14 1686428379 487882752,000
offline_datapoint_3 1686428379 13206233088,000
offline_datapoint_9 1686428379 335917056,000
offline_datapoint_25 1686428379 8520,000
offline_datapoint_19 1686428377 1,335
offline_datapoint_8 1686428377 3303,073
offline_datapoint_21 1686428379 335917056,000
offline_datapoint_1 1686428377 1,335
offline_datapoint_20 1686428379 8409272320,000
offline_datapoint_7 1686428379 9697083392,000
offline_datapoint_6 1686428377 0,000
offline_datapoint_12 1686428377 0,825
offline_datapoint_24 1686428377 0,261
offline_datapoint_13 1686428377 7138,136
offline_datapoint_18 1686428379 0,000
offline_datapoint_0 1686428377 12203,382
offline_datapoint_16 1686428377 1667,390
offline_datapoint_28 1686428377 0,165
offline_datapoint_17 1686428377 28,035
offline_datapoint_10 1686428377 99,804
offline_datapoint_29 1686428377 0,667
offline_datapoint_22 1686428377 9849,905
offline_datapoint_4 1686428377 0,003
offline_datapoint_11 1686428382 2159790,000
offline_datapoint_5 1686428382 4910,000
offline_datapoint_26 1686428382 819740672,000
offline_datapoint_14 1686428382 487882752,000
offline_datapoint_3 1686428382 13206147072,000
offline_datapoint_9 1686428382 335609856,000
offline_datapoint_25 1686428382 8517,000
offline_datapoint_19 1686428380 0,333
offline_datapoint_8 1686428380 398,647
offline_datapoint_21 1686428382 335609856,000
offline_datapoint_1 1686428380 0,333
offline_datapoint_20 1686428382 8410030080,000
offline_datapoint_7 1686428382 9698594816,000
offline_datapoint_6 1686428380 0,087
offline_datapoint_12 1686428380 0,405
offline_datapoint_24 1686428380 0,347
offline_datapoint_13 1686428380 5973,042
offline_datapoint_18 1686428382 0,000
offline_datapoint_0 1686428380 8921,232
offline_datapoint_16 1686428380 758,296
offline_datapoint_28 1686428380 0,120
offline_datapoint_17 1686428380 15,333
offline_datapoint_10 1686428380 99,929
offline_datapoint_29 1686428380 0,000
offline_datapoint_22 1686428380 6233,043
offline_datapoint_4 1686428380 0,002
offline_datapoint_11 1686428385 2159790,000
offline_datapoint_5 1686428385 4912,000
offline_datapoint_26 1686428385 819785728,000
offline_datapoint_14 1686428385 487882752,000
offline_datapoint_3 1686428385 13205950464,000
offline_datapoint_9 1686428385 335609856,000
offline_datapoint_25 1686428385 8517,000
offline_datapoint_19 1686428383 0,000
offline_datapoint_8 1686428383 4337,261
offline_datapoint_21 1686428385 335609856,000
offline_datapoint_1 1686428383 0,000
offline_datapoint_20 1686428385 8409812992,000
offline_datapoint_7 1686428385 9698635776,000
offline_datapoint_6 1686428383 0,043
offline_datapoint_12 1686428383 0,488
offline_datapoint_24 1686428383 0,260
offline_datapoint_13 1686428383 6495,729
offline_datapoint_18 1686428385 0,000
offline_datapoint_0 1686428383 9932,351
offline_datapoint_16 1686428383 756,030
offline_datapoint_28 1686428383 0,119
offline_datapoint_17 1686428383 14,328
offline_datapoint_10 1686428383 99,861
offline_datapoint_29 1686428383 0,000
offline_datapoint_22 1686428383 6477,395
offline_datapoint_4 1686428383 0,002
offline_datapoint_11 1686428388 2159790,000
offline_datapoint_5 1686428388 5002,000
offline_datapoint_26 1686428388 819859456,000
offline_datapoint_14 1686428388 484982784,000
offline_datapoint_3 1686428388 13432655872,000
offline_datapoint_9 1686428388 336273408,000
offline_datapoint_25 1686428388 8349,000
offline_datapoint_19 1686428386 26,684
offline_datapoint_8 1686428386 48372,515
offline_datapoint_21 1686428388 336273408,000
offline_datapoint_1 1686428386 7,005
offline_datapoint_20 1686428388 8611794944,000
offline_datapoint_7 1686428388 9991897088,000
offline_datapoint_6 1686428386 0,000
offline_datapoint_12 1686428386 2,259
offline_datapoint_24 1686428386 1,347
offline_datapoint_13 1686428386 46760,120
offline_datapoint_18 1686428388 0,000
offline_datapoint_0 1686428386 33333,614
offline_datapoint_16 1686428386 8076,317
offline_datapoint_28 1686428386 0,370
offline_datapoint_17 1686428386 66,377
offline_datapoint_10 1686428386 99,564
offline_datapoint_29 1686428386 1,334
offline_datapoint_22 1686428386 11073,608
offline_datapoint_4 1686428386 0,007
offline_datapoint_11 1686428391 2159790,000
offline_datapoint_5 1686428391 5001,000
offline_datapoint_26 1686428391 819904512,000
offline_datapoint_14 1686428391 485101568,000
offline_datapoint_3 1686428391 13341384704,000
offline_datapoint_9 1686428391 335998976,000
offline_datapoint_25 1686428391 8352,000
offline_datapoint_19 1686428389 0,000
offline_datapoint_8 1686428389 789,723
offline_datapoint_21 1686428391 335998976,000
offline_datapoint_1 1686428389 0,000
offline_datapoint_20 1686428391 8523214848,000
offline_datapoint_7 1686428391 9967472640,000
offline_datapoint_6 1686428389 0,000
offline_datapoint_12 1686428389 0,516
offline_datapoint_24 1686428389 0,347
offline_datapoint_13 1686428389 6607,894
offline_datapoint_18 1686428391 0,000
offline_datapoint_0 1686428389 10253,743
offline_datapoint_16 1686428389 735,099
offline_datapoint_28 1686428389 0,244
offline_datapoint_17 1686428389 36,971
offline_datapoint_10 1686428389 99,783
offline_datapoint_29 1686428389 0,666
offline_datapoint_22 1686428389 8155,099
offline_datapoint_4 1686428389 0,005
offline_datapoint_11 1686428394 2159790,000
offline_datapoint_5 1686428394 4994,000
offline_datapoint_26 1686428394 819855360,000
offline_datapoint_14 1686428394 485109760,000
offline_datapoint_3 1686428394 13284188160,000
offline_datapoint_9 1686428394 336322560,000
offline_datapoint_25 1686428394 8363,000
offline_datapoint_19 1686428392 0,000
offline_datapoint_8 1686428392 1939,019
offline_datapoint_21 1686428394 336322560,000
offline_datapoint_1 1686428392 0,000
offline_datapoint_20 1686428394 8464809984,000
offline_datapoint_7 1686428394 9962590208,000
offline_datapoint_6 1686428392 0,000
offline_datapoint_12 1686428392 0,405
offline_datapoint_24 1686428392 0,130
offline_datapoint_13 1686428392 6386,671
offline_datapoint_18 1686428394 0,000
offline_datapoint_0 1686428392 9581,172
offline_datapoint_16 1686428392 746,827
offline_datapoint_28 1686428392 0,187
offline_datapoint_17 1686428392 25,982
offline_datapoint_10 1686428392 99,800
offline_datapoint_29 1686428392 1,999
offline_datapoint_22 1686428392 6564,103
offline_datapoint_4 1686428392 0,004
offline_datapoint_11 1686428397 2159790,000
offline_datapoint_5 1686428397 4998,000
offline_datapoint_26 1686428397 819896320,000
offline_datapoint_14 1686428397 485113856,000
offline_datapoint_3 1686428397 13282713600,000
offline_datapoint_9 1686428397 336220160,000
offline_datapoint_25 1686428397 8359,000
offline_datapoint_19 1686428395 0,667
offline_datapoint_8 1686428395 229,154
offline_datapoint_21 1686428397 336220160,000
offline_datapoint_1 1686428395 0,667
offline_datapoint_20 1686428397 8464056320,000
offline_datapoint_7 1686428397 9959792640,000
offline_datapoint_6 1686428395 0,087
offline_datapoint_12 1686428395 0,000
offline_datapoint_24 1686428395 0,217
offline_datapoint_13 1686428395 5932,647
offline_datapoint_18 1686428397 0,000
offline_datapoint_0 1686428395 8769,550
offline_datapoint_16 1686428395 667,781
offline_datapoint_28 1686428395 0,121
offline_datapoint_17 1686428395 24,016
offline_datapoint_10 1686428395 99,854
offline_datapoint_29 1686428395 0,000
offline_datapoint_22 1686428395 7509,333
offline_datapoint_4 1686428395 0,002
offline_datapoint_11 1686428400 2159790,000
offline_datapoint_5 1686428400 4996,000
offline_datapoint_26 1686428400 819896320,000
offline_datapoint_14 1686428400 485199872,000
offline_datapoint_3 1686428400 13277827072,000
offline_datapoint_9 1686428400 336293888,000
offline_datapoint_25 1686428400 8369,000
offline_datapoint_19 1686428398 8,000
offline_datapoint_8 1686428398 3893,069
offline_datapoint_21 1686428400 336293888,000
offline_datapoint_1 1686428398 0,667
offline_datapoint_20 1686428400 8461406208,000
offline_datapoint_7 1686428400 9957769216,000
offline_datapoint_6 1686428398 0,000
offline_datapoint_12 1686428398 0,380
offline_datapoint_24 1686428398 0,217
offline_datapoint_13 1686428398 6179,109
offline_datapoint_18 1686428400 0,000
offline_datapoint_0 1686428398 9382,498
offline_datapoint_16 1686428398 764,680
offline_datapoint_28 1686428398 0,184
offline_datapoint_17 1686428398 26,334
offline_datapoint_10 1686428398 99,814
offline_datapoint_29 1686428398 1,333
offline_datapoint_22 1686428398 7777,215
offline_datapoint_4 1686428398 0,004
offline_datapoint_11 1686428403 2159790,000
offline_datapoint_5 1686428403 4996,000
offline_datapoint_26 1686428403 819896320,000
offline_datapoint_14 1686428403 485199872,000
offline_datapoint_3 1686428403 13277257728,000
offline_datapoint_9 1686428403 336556032,000
offline_datapoint_25 1686428403 8361,000
offline_datapoint_19 1686428401 0,000
offline_datapoint_8 1686428401 1746,582
offline_datapoint_21 1686428403 336556032,000
offline_datapoint_1 1686428401 0,000
offline_datapoint_20 1686428403 8460038144,000
offline_datapoint_7 1686428403 9956622336,000
offline_datapoint_6 1686428401 0,043
offline_datapoint_12 1686428401 0,507
offline_datapoint_24 1686428401 0,260
offline_datapoint_13 1686428401 6066,725
offline_datapoint_18 1686428403 0,000
offline_datapoint_0 1686428401 9067,101
offline_datapoint_16 1686428401 668,712
offline_datapoint_28 1686428401 0,116
offline_datapoint_17 1686428401 11,662
offline_datapoint_10 1686428401 99,884
offline_datapoint_29 1686428401 0,666
offline_datapoint_22 1686428401 6670,629
offline_datapoint_4 1686428401 0,002
offline_datapoint_11 1686428406 2159790,000
offline_datapoint_5 1686428406 4987,000
offline_datapoint_26 1686428406 819896320,000
offline_datapoint_14 1686428406 485478400,000
offline_datapoint_3 1686428406 13274107904,000
offline_datapoint_9 1686428406 336326656,000
offline_datapoint_25 1686428406 8360,000
offline_datapoint_19 1686428404 0,000
offline_datapoint_8 1686428404 3124,291
offline_datapoint_21 1686428406 336326656,000
offline_datapoint_1 1686428404 0,000
offline_datapoint_20 1686428406 8457822208,000
offline_datapoint_7 1686428406 9961136128,000
offline_datapoint_6 1686428404 0,043
offline_datapoint_12 1686428404 0,583
offline_datapoint_24 1686428404 0,391
offline_datapoint_13 1686428404 6224,901
offline_datapoint_18 1686428406 0,000
offline_datapoint_0 1686428404 9490,281
offline_datapoint_16 1686428404 741,798
offline_datapoint_28 1686428404 0,085
offline_datapoint_17 1686428404 7,338
offline_datapoint_10 1686428404 99,924
offline_datapoint_29 1686428404 0,667
offline_datapoint_22 1686428404 8564,364
offline_datapoint_4 1686428404 0,002
offline_datapoint_11 1686428409 2159790,000
offline_datapoint_5 1686428409 4981,000
offline_datapoint_26 1686428409 819953664,000
offline_datapoint_14 1686428409 485486592,000
offline_datapoint_3 1686428409 13274955776,000
offline_datapoint_9 1686428409 336822272,000
offline_datapoint_25 1686428409 8364,000
offline_datapoint_19 1686428407 10,001
offline_datapoint_8 1686428407 4381,259
offline_datapoint_21 1686428409 336822272,000
offline_datapoint_1 1686428407 1,667
offline_datapoint_20 1686428409 8458588160,000
offline_datapoint_7 1686428409 9963364352,000
offline_datapoint_6 1686428407 0,000
offline_datapoint_12 1686428407 0,654
offline_datapoint_24 1686428407 0,347
offline_datapoint_13 1686428407 7202,641
offline_datapoint_18 1686428409 0,000
offline_datapoint_0 1686428407 11952,951
offline_datapoint_16 1686428407 977,799
offline_datapoint_28 1686428407 0,252
offline_datapoint_17 1686428407 19,336
offline_datapoint_10 1686428407 99,803
offline_datapoint_29 1686428407 2,667
offline_datapoint_22 1686428407 18785,103
offline_datapoint_4 1686428407 0,005
offline_datapoint_11 1686428412 2159790,000
offline_datapoint_5 1686428412 4986,000
offline_datapoint_26 1686428412 819904512,000
offline_datapoint_14 1686428412 485486592,000
offline_datapoint_3 1686428412 13275693056,000
offline_datapoint_9 1686428412 336457728,000
offline_datapoint_25 1686428412 8361,000
offline_datapoint_19 1686428410 0,000
offline_datapoint_8 1686428410 1271,316
offline_datapoint_21 1686428412 336457728,000
offline_datapoint_1 1686428410 0,000
offline_datapoint_20 1686428412 8458010624,000
offline_datapoint_7 1686428412 9955733504,000
offline_datapoint_6 1686428410 0,130
offline_datapoint_12 1686428410 1,041
offline_datapoint_24 1686428410 0,347
offline_datapoint_13 1686428410 6196,000
offline_datapoint_18 1686428412 0,000
offline_datapoint_0 1686428410 9014,150
offline_datapoint_16 1686428410 726,276
offline_datapoint_28 1686428410 0,120
offline_datapoint_17 1686428410 12,327
offline_datapoint_10 1686428410 99,912
offline_datapoint_29 1686428410 0,333
offline_datapoint_22 1686428410 5867,243
offline_datapoint_4 1686428410 0,002
offline_datapoint_11 1686428415 2159790,000
offline_datapoint_5 1686428415 4986,000
offline_datapoint_26 1686428415 819900416,000
offline_datapoint_14 1686428415 485486592,000
offline_datapoint_3 1686428415 13274406912,000
offline_datapoint_9 1686428415 336465920,000
offline_datapoint_25 1686428415 8375,000
offline_datapoint_19 1686428413 0,000
offline_datapoint_8 1686428413 3536,665
offline_datapoint_21 1686428415 336465920,000
offline_datapoint_1 1686428413 0,000
offline_datapoint_20 1686428415 8458072064,000
offline_datapoint_7 1686428415 9817911296,000
offline_datapoint_6 1686428413 0,043
offline_datapoint_12 1686428413 1,058
offline_datapoint_24 1686428413 0,304
offline_datapoint_13 1686428413 6413,997
offline_datapoint_18 1686428415 0,000
offline_datapoint_0 1686428413 9808,662
offline_datapoint_16 1686428413 715,333
offline_datapoint_28 1686428413 0,167
offline_datapoint_17 1686428413 17,333
offline_datapoint_10 1686428413 99,877
offline_datapoint_29 1686428413 0,000
offline_datapoint_22 1686428413 6222,769
offline_datapoint_4 1686428413 0,003
offline_datapoint_11 1686428418 2159790,000
offline_datapoint_5 1686428418 4966,000
offline_datapoint_26 1686428418 819863552,000
offline_datapoint_14 1686428418 485486592,000
offline_datapoint_3 1686428418 13209882624,000
offline_datapoint_9 1686428418 336781312,000
offline_datapoint_25 1686428418 8425,000
offline_datapoint_19 1686428416 0,333
offline_datapoint_8 1686428416 8433,786
offline_datapoint_21 1686428418 336781312,000
offline_datapoint_1 1686428416 0,333
offline_datapoint_20 1686428418 8413007872,000
offline_datapoint_7 1686428418 9694089216,000
offline_datapoint_6 1686428416 0,000
offline_datapoint_12 1686428416 0,239
offline_datapoint_24 1686428416 0,304
offline_datapoint_13 1686428416 7449,911
offline_datapoint_18 1686428418 0,000
offline_datapoint_0 1686428416 11778,160
offline_datapoint_16 1686428416 771,163
offline_datapoint_28 1686428416 0,630
offline_datapoint_17 1686428416 39,342
offline_datapoint_10 1686428416 99,277
offline_datapoint_29 1686428416 0,000
offline_datapoint_22 1686428416 7046,508
offline_datapoint_4 1686428416 0,013
offline_datapoint_11 1686428421 2159790,000
offline_datapoint_5 1686428421 4963,000
offline_datapoint_26 1686428421 819912704,000
offline_datapoint_14 1686428421 485486592,000
offline_datapoint_3 1686428421 13208121344,000
offline_datapoint_9 1686428421 336785408,000
offline_datapoint_25 1686428421 8426,000
offline_datapoint_19 1686428419 2,665
offline_datapoint_8 1686428419 4651,074
offline_datapoint_21 1686428421 336785408,000
offline_datapoint_1 1686428419 0,333
offline_datapoint_20 1686428421 8412545024,000
offline_datapoint_7 1686428421 9697853440,000
offline_datapoint_6 1686428419 0,000
offline_datapoint_12 1686428419 0,549
offline_datapoint_24 1686428419 0,217
offline_datapoint_13 1686428419 6360,121
offline_datapoint_18 1686428421 0,000
offline_datapoint_0 1686428419 9841,181
offline_datapoint_16 1686428419 756,578
offline_datapoint_28 1686428419 0,145
offline_datapoint_17 1686428419 13,992
offline_datapoint_10 1686428419 99,886
offline_datapoint_29 1686428419 0,000
offline_datapoint_22 1686428419 10240,000
offline_datapoint_4 1686428419 0,003
offline_datapoint_11 1686428424 2159790,000
offline_datapoint_5 1686428424 4957,000
offline_datapoint_26 1686428424 819863552,000
offline_datapoint_14 1686428424 485486592,000
offline_datapoint_3 1686428424 13208141824,000
offline_datapoint_9 1686428424 336785408,000
offline_datapoint_25 1686428424 8429,000
offline_datapoint_19 1686428422 0,000
offline_datapoint_8 1686428422 669,781
offline_datapoint_21 1686428424 336785408,000
offline_datapoint_1 1686428422 0,000
offline_datapoint_20 1686428424 8412217344,000
offline_datapoint_7 1686428424 9697550336,000
offline_datapoint_6 1686428422 0,043
offline_datapoint_12 1686428422 0,151
offline_datapoint_24 1686428422 0,174
offline_datapoint_13 1686428422 8222,741
offline_datapoint_18 1686428424 0,000
offline_datapoint_0 1686428422 12115,741
offline_datapoint_16 1686428422 642,110
offline_datapoint_28 1686428422 0,033
offline_datapoint_17 1686428422 4,001
offline_datapoint_10 1686428422 99,968
offline_datapoint_29 1686428422 0,333
offline_datapoint_22 1686428422 11605,333
offline_datapoint_4 1686428422 0,001
offline_datapoint_11 1686428427 2159790,000
offline_datapoint_5 1686428427 4959,000
offline_datapoint_26 1686428427 819912704,000
offline_datapoint_14 1686428427 485486592,000
offline_datapoint_3 1686428427 13207183360,000
offline_datapoint_9 1686428427 336789504,000
offline_datapoint_25 1686428427 8427,000
offline_datapoint_19 1686428425 0,000
offline_datapoint_8 1686428425 71,753
offline_datapoint_21 1686428427 336789504,000
offline_datapoint_1 1686428425 0,000
offline_datapoint_20 1686428427 8411762688,000
offline_datapoint_7 1686428427 9693888512,000
offline_datapoint_6 1686428425 0,043
offline_datapoint_12 1686428425 0,411
offline_datapoint_24 1686428425 0,217
offline_datapoint_13 1686428425 8065,683
offline_datapoint_18 1686428427 0,000
offline_datapoint_0 1686428425 12203,650
offline_datapoint_16 1686428425 634,428
offline_datapoint_28 1686428425 0,068
offline_datapoint_17 1686428425 6,007
offline_datapoint_10 1686428425 99,925
offline_datapoint_29 1686428425 0,000
offline_datapoint_22 1686428425 7964,444
offline_datapoint_4 1686428425 0,001
offline_datapoint_11 1686428430 2159790,000
offline_datapoint_5 1686428430 4955,000
offline_datapoint_26 1686428430 819863552,000
offline_datapoint_14 1686428430 485486592,000
offline_datapoint_3 1686428430 13206736896,000
offline_datapoint_9 1686428430 336793600,000
offline_datapoint_25 1686428430 8427,000
offline_datapoint_19 1686428428 0,000
offline_datapoint_8 1686428428 949,875
offline_datapoint_21 1686428430 336793600,000
offline_datapoint_1 1686428428 0,000
offline_datapoint_20 1686428430 8411672576,000
offline_datapoint_7 1686428430 9694326784,000
offline_datapoint_6 1686428428 0,000
offline_datapoint_12 1686428428 0,404
offline_datapoint_24 1686428428 0,173
offline_datapoint_13 1686428428 5838,603
offline_datapoint_18 1686428430 0,000
offline_datapoint_0 1686428428 8703,194
offline_datapoint_16 1686428428 620,944
offline_datapoint_28 1686428428 0,081
offline_datapoint_17 1686428428 5,321
offline_datapoint_10 1686428428 99,924
offline_datapoint_29 1686428428 0,000
offline_datapoint_22 1686428428 5888,000
offline_datapoint_4 1686428428 0,002
offline_datapoint_11 1686428433 2159790,000
offline_datapoint_5 1686428433 4951,000
offline_datapoint_26 1686428433 819814400,000
offline_datapoint_14 1686428433 485486592,000
offline_datapoint_3 1686428433 13207494656,000
offline_datapoint_9 1686428433 336801792,000
offline_datapoint_25 1686428433 8427,000
offline_datapoint_19 1686428431 0,000
offline_datapoint_8 1686428431 76,093
offline_datapoint_21 1686428433 336801792,000
offline_datapoint_1 1686428431 0,000
offline_datapoint_20 1686428433 8411623424,000
offline_datapoint_7 1686428433 9694810112,000
offline_datapoint_6 1686428431 0,043
offline_datapoint_12 1686428431 0,393
offline_datapoint_24 1686428431 0,217
offline_datapoint_13 1686428431 5897,875
offline_datapoint_18 1686428433 0,000
offline_datapoint_0 1686428431 8802,091
offline_datapoint_16 1686428431 601,068
offline_datapoint_28 1686428431 0,049
offline_datapoint_17 1686428431 4,339
offline_datapoint_10 1686428431 99,937
offline_datapoint_29 1686428431 0,000
offline_datapoint_22 1686428431 7561,846
offline_datapoint_4 1686428431 0,001
